0.04560260586319201
0.05519480519480453
0.05996758508914043
0.06035889070146762
0.06710310965630098
0.07236842105263151
0.0819672131147534
0.08972267536704741
0.09624796084828695
0.1024390243902432
0.1111111111111113
0.11620294599018025
0.12377850162866479
0.12887438825448577
0.13776337115072923
0.14238952536824917
0.1442463533225286
0.1437802907915995
0.14838709677419393
0.15248796147672528
0.1589085072231141
0.16264090177133642
0.16264090177133642
0.16774193548387095
0.16346153846153788
0.16346153846153788
0.16799999999999957
0.1693290734824279
0.15974440894568742
0.15286624203821572
0.14331210191082858
0.1515151515151504
0.14423076923076908
0.14240000000000042
0.14057507987220455
0.13782051282051372
0.1355661881977678
0.13237639553429026
0.12960000000000016
0.13237639553429026
0.1328000000000008
0.1291866028708135
0.12960000000000016
0.12779552715654932
0.125
0.12179487179487113
0.11821086261980879
0.11359999999999956
0.11075441412520119
0.10576923076923025
0.10433386837881146
0.09935897435897426
0.09470304975922923
0.09149277688603533
0.0865384615384613
0.08306709265175721
0.08012820512820455
0.07692307692307658
0.06879999999999965
0.06560000000000069
0.059390048154093295
0.059390048154093295
0.057877813504823045
0.05296950240770358
0.04991948470209248
0.04838709677419316
0.045161290322580455
0.043338683788122355
0.04025764895330088
0.03715670436187475
0.0354838709677432
0.030595813204509072
0.028938906752411463
0.02415458937198044
0.02250803858520926
0.022653721682847395
0.02250803858520926
0.02250803858520926
0.020866773675762444
0.01607717041800634
0.019417475728155813
0.01453957996769022
0.01453957996769022
0.0145867098865474
0.01134521880064886
0.009708737864077832
0.012903225806451613
0.009708737864077832
0.008077544426495071
0.006451612903226209
0.003236245954693198
0.003236245954693198
0.0016155088852992624
0.004862236628850236
0.0
-0.0016155088852983107
-0.0016207455429500053
-0.0032258064516127384
-0.004830917874396216
-0.006451612903226209
-0.004862236628848545
-0.006493506493506017
-0.006472491909384781
-0.004893964110930013
-0.006493506493506017
-0.006535947712417967
-0.00323624595469232
-0.00323624595469232
-0.0016155088852983107
-0.0016207455429500053
0.0
-0.0016260162601621124
0.0016260162601629256
0.0016207455429500788
7.343999554478381e-17
0.0016207455429500788
0.0016260162601629256
0.004862236628850236
0.004878048780487887
0.008130081300812917
0.008130081300812917
0.008130081300812917
0.011419249592170218
0.012987012987013054
0.01468189233279084
0.01788617886178886
0.01788617886178886
0.01948051948052004
0.021069692058347717
0.022727272727273033
0.024390243902439657
0.02755267423014555
0.02755267423014555
0.029315960912052033
0.03414634146341381
0.03896103896103917
0.040650406504065505
0.04234527687296497
0.04376012965964374
0.045161290322580455
0.05040650406504142
0.05040650406504142
0.05348460291734182
0.05691056910569074
0.058631921824103324
0.05448717948717956
0.05448717948717956
0.05466237942122112
0.05617977528089844
0.05769230769230756
0.05901116427432155
0.05901116427432155
0.05769230769230756
0.06070287539936073
0.06089743589743563
0.06200317965023762
0.0638977635782751
0.06560000000000069
0.06369426751592304
0.06709265175718866
0.06858054226475331
0.06880000000000051
0.07051282051282043
0.07051282051282043
0.07544141252006438
0.0749601275917066
0.07667731629393018
0.07961783439490551
0.0810810810810817
0.08133971291866082
0.0842607313195545
0.08771929824561345
0.08626198083067077
0.09324758842443678
0.09531502423263309
0.09677419354838727
0.10177705977382889
0.10500807754442734
0.11147011308562176
0.11363636363636359
0.11793214862681754
0.12218649517684833
0.12399355877616729
0.1286173633440522
0.13001605136436623
0.1336553945249598
0.13643659711075504
0.138709677419355
0.1396468699839499
0.14331723027375207
0.14516129032258107
0.1470113085621979
0.15072933549432802
0.14975845410628016
0.15210355987055035
0.14975845410628016
0.1487999999999997
0.14560000000000006
0.14376996805111786
0.14376996805111786
0.14194577352472118
0.14057507987220455
0.14239999999999944
0.13920000000000046
0.13738019169329174
0.13738019169329174
0.13738019169329174
0.13461538461538577
0.13461538461538577
0.13461538461538577
0.1328000000000008
0.1309904153354637
0.13001605136436623
0.1263999999999995
0.12721417069243193
0.12258064516129058
0.12038523274478331
0.12038523274478331
0.12038523274478331
0.11650485436893276
0.11290322580645162
0.10789049919484608
0.10645161290322533
0.10500807754442643
0.10144927536231987
0.09822866344605516
0.0953150242326331
0.090322580645161
0.08828250401284032
0.08360128617363262
0.08212560386473318
0.07865168539325836
0.07395498392283013
0.07269789983844856
0.06902086677367626
0.06430868167202529
0.06089743589743564
0.0576923076923084
0.053140096618358126
0.04991948470209332
0.04654895666131638
0.03870967741935498
0.035369774919613635
0.032154340836013456
0.02572347266881044
0.020933977455715857
0.01777059773828778
0.01453957996769022
0.008077544426494259
0.004830917874397023
8.052340156668392e-16
-0.004830917874396216
-0.009677419354838143
-0.014492753623188716
-0.019354838709677913
-0.022508038585209257
-0.027375201288244416
-0.024311183144246254
-0.025889967637540593
-0.025889967637540593
-0.025889967637540593
-0.027463651050081302
-0.030595813204508444
-0.03225806451612888
-0.03225806451612888
-0.03548387096774227
-0.03715670436187382
-0.04025764895330158
-0.03715670436187382
-0.03870967741935505
-0.03883495145631001
-0.04025764895330158
-0.04193548387096768
-0.04025764895330158
-0.03858520900321639
-0.03858520900321639
-0.03858520900321639
-0.036918138041734244
-0.036918138041734244
-0.036918138041734244
-0.03381642512077303
-0.033707865168539526
-0.030400000000000295
-0.028753993610224432
-0.027287319422150565
-0.028938906752410756
-0.027463651050081302
-0.022580645161290557
-0.022580645161290557
-0.016077170418006267
-0.016077170418006267
-0.011199999999999755
-0.012903225806451613
-0.0031948881789135744
8.026448387675885e-16
0.0064102564102568125
0.008000000000000717
0.012903225806451686
0.01771336553945273
0.027199999999999665
0.03360000000000004
0.035256410256410624
0.04347826086956561
0.04975922953451124
0.05654281098546088
0.05787781350482305
0.06472491909385061
0.06969205834684007
0.07443365695792858
0.08469055374592759
0.09324758842443757
0.09385113268608439
0.10210696920583497
0.10500807754442655
0.1132686084142395
0.11831442463533236
0.1252032520325208
0.13408723747980705
0.14331723027375146
0.148387096774194
0.1529790660225439
0.15806451612903297
0.153846153846154
0.1570512820512818
0.16346153846153877
0.1680000000000006
0.16211878009630895
0.16908212560386418
0.16479999999999992
0.16479999999999992
0.15689381933438926
0.15689381933438926
0.15822784810126542
0.15421303656597726
0.15470494417862862
0.15421303656597726
0.14012738853503176
0.12893081761006336
0.1170046801872074
0.10798122065727744
0.1031249999999995
0.09433962264150882
0.0877742946708461
0.08607198748043757
0.07956318252730088
0.07668231611893649
0.07332293291731758
0.07020280811232475
0.06729264475743317
0.06624605678233533
0.061611374407583026
0.05863708399366191
0.05379746835443048
0.0491283676703645
0.04595879556259918
0.03961965134706701
0.036334913112164226
0.031645569620252924
0.028391167192428946
0.02523659305993704
0.02222222222222253
0.0158730158730157
0.012738853503183918
0.001594896331738754
0.0016000000000003193
-0.003194888178913574
-0.009584664536740648
-0.007999999999999912
-0.012779552715654233
-0.017599999999999425
-0.02079999999999999
-0.023923444976076316
-0.023999999999999917
-0.024077046548956555
-0.02572347266881044
-0.02737520128824532
-0.025641025641025068
-0.025641025641025068
-0.028938906752411658
-0.03225806451612887
-0.03679999999999997
-0.03370786516853946
-0.03679999999999997
-0.03987240829346067
-0.04140127388535045
-0.04320000000000026
-0.04472843450479297
-0.04306220095693818
-0.044585987261147104
-0.04610492845786979
-0.04640000000000013
-0.047923322683706436
-0.04975922953451047
-0.047923322683706436
-0.04640000000000013
-0.04975922953451047
-0.04807692307692271
-0.04640000000000013
-0.04640000000000013
-0.04487179487179462
-0.04180064308681671
-0.040257648953301584
-0.03703703703703768
-0.03548387096774227
-0.03392568659127635
-0.029032258064516182
-0.027199999999999665
-0.027113237639553898
-0.022364217252396394
-0.023847376788553077
-0.022364217252396394
-0.017543859649123035
-0.012779552715654233
-0.009584664536740648
-0.007999999999999912
-0.004799999999999279
0.0
0.00320512820512797
0.006389776357827873
0.00800000000000079
0.012820512820512015
0.017599999999999352
0.020866773675762444
0.025641025641025775
0.030497592295345426
0.030497592295345426
0.0401284109149275
0.03338632750397392
0.03821656050955438
0.04319999999999951
0.04292527821939615
0.049600000000000775
0.0492845786963426
0.0539682539682541
0.055292259083729506
0.05826771653543333
0.05863708399366099
0.061611374407582124
0.06477093206951014
0.06771653543307053
0.06918238993710693
0.0721003134796244
0.07232704402515774
0.07378335949764529
0.07500000000000115
0.07981220657276966
0.08268330733229284
0.08320251177394072
0.0843749999999999
0.0877742946708461
0.0877742946708461
0.09062499999999957
0.09233176838810626
0.08607198748043757
0.0877742946708461
0.08607198748043757
0.0877742946708461
0.0892018779342723
0.08948194662480374
0.08948194662480374
0.09291338582677153
0.08749999999999966
0.08607198748043757
0.08749999999999966
0.08580343213728567
0.08749999999999966
0.08749999999999966
0.08399366085578394
0.08056872037914664
0.07911392405063307
0.07594936708860804
0.07594936708860804
0.07594936708860804
0.0776545166402535
0.07594936708860804
0.0744849445324882
0.07740916271722026
0.07594936708860804
0.07619047619047577
0.07424960505529238
0.07154213036565923
0.06984126984126982
0.06984126984126982
0.06858054226475246
0.06858054226475246
0.06858054226475246
0.056962025316456416
0.055292259083729506
0.0539682539682541
0.05263157894736737
0.05095541401273838
0.047619047619047325
0.04595879556259842
0.04292527821939615
0.039619651347068595
0.039619651347068595
0.03645007923930266
0.03492063492063451
0.033175355450237025
0.030206677265501105
0.030110935023771244
0.02539682539682552
0.022292993630572754
0.019169329073482167
0.019047619047618727
0.015873015873016576
0.01265822784810133
0.011128775834657876
0.009554140127388767
0.0063694267515928315
0.0063694267515928315
0.004769475357710807
0.001589825119237199
-0.0015898251192371991
-0.0015898251192371991
-0.004769475357710807
-0.00634920634920603
-0.006369426751592031
-0.00794912559618362
-0.011128775834657144
-0.011128775834657144
-0.014354066985645527
-0.015974440894568606
-0.01760000000000024
-0.015974440894568606
-0.017543859649123035
-0.02066772655007949
-0.02229299363057357
-0.02229299363057357
-0.02384737678855389
-0.027113237639553006
-0.027113237639553006
-0.030400000000000225
-0.028753993610223613
-0.03069466882067882
-0.013114754098360727
-0.07154742096505783
-0.07284768211920535
-0.07768595041322322
-0.07947019867549625
0.004622496147920028
-0.09667673716012055
-0.09939759036144542
-0.09502262443438851
-0.08157099697885183
-0.08320726172465973
-0.08181818181818172
-0.07878787878787885
-0.07530120481927723
-0.07854984894259807
-0.07854984894259807
-0.0771558245083204
-0.07575757575757516
-0.07575757575757516
-0.07902735562310034
-0.07575757575757516
-0.07435508345978668
-0.07435508345978668
-0.07294832826747605
-0.06990881458966555
-0.06990881458966555
-0.06990881458966555
-0.06849315068493106
-0.06707317073170728
-0.06564885496183245
-0.06707317073170728
-0.06564885496183245
-0.06564885496183245
-0.06422018348623872
-0.06259541984732811
-0.06116207951070286
-0.06116207951070286
-0.05792682926829235
-0.05167173252279566
-0.04309063893016363
-0.04166666666666649
-0.04647676161918962
-0.043348281016442676
-0.04191616766467053
-0.037369207772794906
-0.037369207772794906
-0.032640949554895715
-0.03582089552238828
-0.03427719821162436
-0.031203566121842566
-0.03273809523809485
-0.028315946348733453
-0.02976190476190454
-0.02958579881656787
-0.028231797919761735
-0.02670623145400518
-0.023668639053254597
-0.023668639053254597
-0.022222222222222813
-0.019202363367799104
-0.019202363367799104
-0.016393442622951712
-0.01488095238095297
-0.01337295690936136
-0.010432190760059317
-0.010432190760059317
-0.008955223880596493
-0.008955223880596493
-0.0074738415545589675
-0.00447093889716855
-0.003003003003002782
-0.003030303030303631
0.004524886877828128
0.0030211480362535527
0.009063444108761488
0.012121212121211361
0.012084592145015172
0.016641452344931383
0.016641452344931383
0.019667170953100586
0.02416918429002952
0.024390243902439927
0.024316109422492543
0.029096477794793463
0.028831562974203577
0.03343465045592663
0.030303030303030897
0.03343465045592663
-0.0771558245083204
-0.07669172932330878
-0.07669172932330878
-0.07946026986506792
-0.08270676691729263
-0.08270676691729263
-0.08571428571428572
-0.08459214501510544
-0.08270676691729263
-0.08270676691729263
-0.08270676691729263
-0.07993966817496176
-0.0684523809523807
-0.06547619047619044
-0.06528189910979307
-0.06389301634472555
-0.06213017751479305
-0.05934718100890167
-0.05952380952380909
-0.05671641791044823
-0.05389221556886219
-0.04947526236881534
-0.04633781763826597
-0.04179104477612003
-0.0401188707280835
-0.038575667655786336
-0.034175334323922626
-0.034175334323922626
-0.03407407407407407
-0.03264094955489657
-0.03880597014925377
-0.03736920777279569
-0.03293413173652654
-0.031390134529148045
-0.029940119760478816
-0.029940119760478816
-0.027027027027026942
-0.03303303303303265
-0.027027027027026942
-0.026946107784431877
-0.023880597014925502
-0.02402402402402418
-0.022488755622188824
-0.020958083832334877
-0.019548872180451933
-0.01649175412293873
-0.015015015015014989
-0.010526315789473528
-0.010526315789473528
-0.007541478129714165
-0.004524886877828129
0.0
0.00299401197604775
0.007473841554558968
0.007473841554558968
0.010432190760059386
0.009063444108761557
0.015060240963855267
0.019490254872563704
0.022556390977443438
0.027027027027026945
0.030120481927710607
0.03021148036253834
0.037593984962405756
0.04229607250755269
0.046757164404223145
0.04848484848484796
0.05279034690799358
0.05580693815987955
0.05988023952095839
0.0628742514970069
0.06567164179104477
0.06865671641791024
0.07324364723467926
0.074626865671642
0.07646176911544195
0.07946026986506696
0.08018154311649058
0.08459214501510613
0.08649468892260996
0.08597285067873296
0.09256449165402082
0.09365558912386623
0.09365558912386623
0.09833585476550677
0.10044977511244288
0.10136157337367695
0.10407239819004575
0.1087613293051357
0.10977443609022501
0.10843373493975896
0.10843373493975896
0.11111111111111084
0.10676691729323351
0.10644677661169438
0.10510510510510512
0.10375939849624029
0.10044977511244371
0.09417040358744412
0.09090909090909044
0.08245877061469283
0.07784431137724557
0.07346326836581697
0.07025411061285505
0.06268656716418007
0.05829596412556062
0.052316890881913616
0.03427719821162436
0.02831594634873352
0.02083333333333286
0.011869436201779743
0.004457652303119692
-0.005952380952380653
-0.013372956909361428
-0.014880952380952285
-0.023738872403560967
-0.029761904761904615
-0.03999999999999956
-0.04592592592592519
-0.05044510385756615
-0.05637982195845753
-0.065281899109793
-0.06983655274888555
-0.07555555555555522
-0.08284023668639028
-0.08875739644970347
-0.09925925925925912
-0.08605341246290679
-0.0844444444444437
-0.09037037037037002
-0.09226190476190477
-0.09523809523809504
-0.09171597633136086
-0.09523809523809504
-0.09439528023598791
-0.09467455621301758
-0.09734513274336319
-0.09467455621301758
-0.09629629629629644
-0.09734513274336319
-0.09171597633136086
-0.08849557522123902
-0.09010339734121081
-0.08902077151335248
-0.08849557522123902
-0.0819672131147543
-0.08059701492537305
-0.0792227204783262
-0.07784431137724626
-0.07485029940119776
-0.07302533532041719
-0.06865671641791024
-0.06706408345752549
-0.0658682634730539
-0.0656716417910446
-0.05812220566318932
-0.05200594353640378
-0.05059523809523813
-0.044642857142856006
-0.04334828101644255
-0.0341753343239234
-0.03129657228017892
-0.02533532041728798
-0.01931649331352235
-0.013412816691505581
-0.008982035928143936
-0.004470938897167735
-6.77401749950394e-17
0.00447093889716855
0.008928571428570902
0.013412816691505581
0.020895522388059237
0.025411061285500455
0.02985074626865654
0.03582089552238828
0.040358744394617556
0.04179104477611932
0.04633781763826598
0.05089820359281447
0.056886227544910684
0.05988023952095925
0.06427503736920825
0.06886227544910156
0.06865671641791098
0.0746268656716412
0.07324364723467777
0.07784431137724557
0.08083832335329331
0.08545727136431704
0.08819133034379646
0.08982035928143725
0.0944527736131935
0.09580838323353262
0.09880239520958045
0.10210210210210235
0.10676691729323261
0.11111111111111083
0.11278195488721804
0.11711711711711713
0.11879699248120336
0.12217194570135763
0.12705530642750434
0.13043478260869515
0.1330343796711503
0.13513513513513553
0.13943028485757114
0.14114114114114143
0.14542728635682187
0.13725490196078519
0.13813813813813847
0.13984962406015103
0.14027149321267024
0.13897280966767409
0.1393939393939389
0.13725490196078433
0.13554216867469931
0.13684210526315801
0.13173652694610777
0.13173652694610777
0.12743628185907024
0.12743628185907024
0.12537313432835775
0.12369597615499267
0.12202380952380926
0.11676646706586832
0.1137724550898199
0.10778443113772518
0.10510510510510519
0.10252600297176863
0.10075187969924797
0.09880239520958119
0.09388971684053676
0.09063893016344761
0.08469539375928682
0.08035714285714347
0.0757800891530465
0.07142857142857108
0.06547619047619037
0.06092124814264479
0.05341246290801171
0.047477744807121094
0.047477744807121094
0.040118870728082734
0.034175334323922626
0.03264094955489657
0.023668639053254597
0.020710059171597923
0.014792899408283933
0.007385524372229682
0.002967359050444212
-0.0014771048744463128
-0.0029585798816565874
-0.007363770250368115
-0.014749262536873146
-0.02058823529411794
-0.02503681885125152
-0.03377386196769448
-0.031203566121842632
-0.03846153846153849
-0.041297935103244726
-0.04579025110782867
-0.045655375552282745
-0.05000000000000015
-0.052941176470588124
-0.055718475073313525
-0.06020558002936769
-0.06646971935007336
-0.07079646017699151
-0.07352941176470618
-0.06194690265486747
-0.06351550960118214
-0.06470588235294125
-0.06470588235294125
-0.06764705882352993
-0.06744868035190678
-0.06921944035346103
-0.06921944035346103
-0.06921944035346103
-0.06921944035346103
-0.07079646017699073
-0.07079646017699073
-0.06921944035346103
-0.06764705882352993
-0.06942392909896608
-0.06942392909896608
-0.06764705882352993
-0.06489675516224262
-0.06489675516224262
-0.06489675516224262
-0.06547619047619037
-0.06666666666666618
-0.06370370370370342
-0.06370370370370342
-0.0753323485967509
-0.07396449704142032
-0.06764705882352914
-0.0664697193500741
-0.06508875739645037
-0.06370370370370416
-0.06231454005934729
-0.05917159763313559
-0.0588235294117657
-0.05604719764011844
-0.057607090103397304
-0.05604719764011844
-0.053097345132743355
-0.053097345132743355
-0.04860088365243061
-0.04733727810650842
-0.04579025110782866
-0.0443786982248518
-0.0415430267062321
-0.04270986745213489
-0.03988183161004385
-0.041055718475073145
-0.03692762186115193
-0.035190615835777324
-0.031111111111111166
-0.031019202363367835
-0.0280649926144759
-0.02654867256637241
-0.02654867256637241
-0.022091310751104345
-0.020648967551622696
-0.016248153618906348
-0.014749262536872264
-0.013293943870014384
-0.01033973412112317
-0.008875739644970695
-0.007363770250368115
-0.002941176470588087
-7.363496898428323e-16
0.001472754050072393
0.0029411764705873505
0.005899705014748963
0.008849557522124116
0.008823529411764989
0.011799410029498589
0.016248153618907097
0.017699115044248228
0.022156573116691107
0.025185185185185605
0.02958579881656778
0.02958579881656778
0.034074074074073236
0.03397341211225981
0.037037037037036785
0.039999999999999564
0.04142011834319505
0.04296296296296305
0.04592592592592589
0.04579025110782789
0.04874446085672058
0.05029585798816574
0.05029585798816574
0.05481481481481499
0.05465288035450532
0.057777777777778545
0.057777777777778545
0.062314540059347306
0.062314540059347306
0.062314540059347306
0.06508875739644969
0.06370370370370342
0.06666666666666618
0.06666666666666618
0.05621301775147968
0.05621301775147968
0.0546528803545061
0.0546528803545061
0.05000000000000001
0.04860088365242984
0.04437869822485173
0.038123167155425235
0.036818851251841346
0.033674963396778744
0.030927835051546452
0.029411764705882047
0.029411764705882047
0.027900146842878334
0.02352941176470523
0.022026431718060725
0.017595307917889075
0.013254786450663112
0.008849557522124114
0.0073421439060205465
0.0073421439060205465
0.00147710487444638
0.0014684287812036705
-0.0014727540500739302
0.004392386530014781
0.0044052863436124115
0.0014641288433377066
-7.320309233334902e-16
-0.0029325513196486737
-0.007320644216690997
-0.010218978102190286
-0.014577259475217789
-0.02052785923753619
-0.02196193265007231
-0.02773722627737187
-0.030567685589519753
-0.03498542274052492
-0.03779069767441867
-0.04221251819505108
-0.046647230320699194
-0.050946142649199826
-0.05523255813953532
-0.0581395348837205
-0.062409288824383576
-0.06686046511627806
-0.04385964912280671
-0.04398826979472112
-0.04538799414348469
-0.04538799414348469
-0.04678362573099443
-0.04831625183016157
-0.04985337243401765
-0.051395007342143494
-0.04985337243401765
-0.051395007342143494
-0.05294117647058806
-0.051698670605612645
-0.052631578947368335
-0.04985337243401765
-0.05401459854014542
-0.05401459854014542
-0.05571847507331346
-0.05865102639296061
-0.06020558002936769
-0.06020558002936769
-0.05710102489018954
-0.06020558002936769
-0.05865102639296061
-0.06020558002936769
-0.06020558002936769
-0.0588235294117643
-0.06176470588235229
-0.06194690265486747
-0.06351550960118214
-0.06627393225331402
-0.06627393225331402
-0.06764705882352992
-0.06666666666666618
-0.06666666666666618
-0.06666666666666618
-0.06547619047619035
-0.062314540059347306
-0.06249999999999943
-0.06784660766961637
-0.0690161527165941
-0.07079646017699073
-0.07079646017699073
-0.07079646017699073
-0.06804733727810629
-0.06921944035346103
-0.0712166172106829
-0.0712166172106829
-0.07079646017699073
-0.07352941176470539
-0.07079646017699073
-0.07195301027900146
-0.07259259259259258
-0.07467057101024935
-0.07511045655375527
-0.07467057101024935
-0.07259259259259328
-0.07511045655375527
-0.07216494845360816
-0.07079646017699073
-0.07058823529411805
-0.07058823529411805
-0.07079646017699073
-0.06627393225331402
-0.06627393225331402
-0.06508875739644969
-0.06627393225331402
-0.06627393225331402
-0.06489675516224186
-0.06038291605301898
-0.06038291605301898
-0.058997050147492944
-0.05760709010339731
-0.05777777777777792
-0.05465288035450469
-0.04719764011799355
-0.04579025110782859
-0.04437869822485172
-0.042709867452136355
-0.03988183161004468
-0.0369276218611527
-0.032352941176471
-0.031019202363367186
-0.02806499261447512
-0.023668639053255315
-0.023668639053255315
-0.019202363367799104
-0.01775147928994053
-0.014792899408283933
-0.010370370370370132
-0.007407407407407398
-0.007407407407407398
-0.0044313146233383996
-0.0014814814814817754
0.0014814814814810369
0.004457652303120505
0.004457652303120505
0.010401188707280599
0.010401188707280599
0.016393442622950952
0.019316493313520734
0.02228826151560163
0.025335320417287255
0.025260029717682396
0.026785714285714197
0.029673590504450738
0.03427719821162429
0.03427719821162429
0.035714285714285914
0.03725782414306978
0.03869047619047549
0.04023845007451526
0.043219076005961386
0.043219076005961386
0.044776119402985516
0.047619047619047984
0.047619047619047984
0.05216095380029764
0.05216095380029764
0.05373134328358197
0.05530642750373712
0.05829596412556139
0.05812220566319002
0.0597014925373145
0.0597014925373145
0.0597014925373145
0.06268656716417928
0.05934718100890161
0.059171597633136445
0.059171597633136445
0.06408345752608016
0.061102831594635525
0.06038291605301898
0.06038291605301898
0.05497771173848462
0.05185185185185145
0.053412462908011715
0.05185185185185145
0.05029585798816574
0.05309734513274399
0.051546391752577636
0.049853372434017655
0.04552129221732741
0.04270986745213489
0.04270986745213489
0.039647577092510565
0.036710719530102534
0.035294117647058997
0.035502958579881866
0.03244837758112055
0.031019202363367186
0.02958579881656708
0.02806499261447512
0.025185185185185605
0.02380952380952389
0.020771513353115206
0.019202363367799104
0.016296296296296503
0.01479289940828468
0.011799410029498589
0.008823529411764989
0.0044052863436124775
0.0014727540500731962
-0.0029325513196486784
-0.007320644216691131
-0.010279001468428625
-0.014619883040935594
-0.019145802650956615
-0.02352941176470601
-0.02352941176470601
-0.027982326951398594
-0.03235294117647093
-0.03529411764705968
-0.03812316715542523
-0.042584434654919436
-0.048458149779735525
-0.05139500734214426
-0.05449189985272395
-0.04424778761061987
-0.03529411764705835
-0.03692762186115193
-0.03692762186115193
-0.03377386196769455
-0.03377386196769455
-0.03377386196769455
-0.035398230088494985
-0.03508771929824655
-0.03367496339677957
-0.035190615835777324
-0.03508771929824655
-0.03508771929824655
-0.03367496339677957
-0.035190615835777324
-0.03367496339677957
-0.03377386196769455
-0.032352941176470223
-0.030927835051546455
-0.032352941176470223
-0.029498525073746805
-0.030927835051546455
-0.029673590504450738
-0.02503681885125227
-0.027818448023425552
-0.02932551319648073
-0.02790014684287834
-0.02932551319648073
-0.026470588235294763
-0.027982326951399312
-0.026470588235294763
-0.02511078286558308
-0.02511078286558308
-0.02215657311669039
-0.019202363367799104
-0.016248153618907822
-0.016248153618907822
-0.013254786450663022
-0.013254786450663022
-0.011764705882352997
-0.008823529411764989
-0.008823529411764989
-0.0058651026392966205
-0.004418262150221053
-0.004418262150221053
-0.0014771048744456415
7.385282392210659e-16
0.002949852507375218
0.004444444444444583
0.005917159763313304
0.007385524372229682
0.008875739644969896
0.010370370370370216
0.01183431952662729
0.01479289940828468
0.01479289940828468
0.0162962962962965
0.017804154302670374
0.019202363367798316
0.020833333333333686
0.02366863905325384
0.02670623145400518
0.031111111111111162
0.03264094955489657
0.031111111111111162
0.0341753343239234
0.03560830860534148
0.03560830860534148
0.037147102526002736
0.04000000000000034
0.04154302670623217
0.04309063893016362
0.04296296296296324
0.04464285714285678
0.04142011834319517
0.04309063893016362
0.04309063893016362
0.04296296296296324
0.04309063893016362
0.044510385756676304
0.044510385756676304
0.04592592592592589
0.04309063893016362
0.0457902511078295
0.04747774480712109
0.04888888888888866
0.04903417533432373
0.04903417533432373
0.04903417533432373
0.04918032786885293
0.04903417533432373
0.04747774480712109
0.04903417533432373
0.04619970193740687
0.04918032786885293
0.04903417533432373
0.04903417533432373
0.04918032786885293
0.04761904761904785
0.05074626865671726
0.05074626865671726
0.04761904761904785
0.04903417533432373
0.04761904761904785
0.04619970193740687
0.04619970193740687
0.04504504504504476
0.043219076005961386
0.044776119402984746
0.04179104477611932
0.04179104477611932
0.04179104477611932
0.03869047619047549
0.037257824143068996
0.035820895522387444
0.035820895522387444
0.03427719821162429
0.031203566121842566
0.029850746268657243
0.02831594634873352
0.02831594634873352
0.025335320417287255
0.025185185185184887
0.02366863905325384
0.02071005917159638
0.017699115044247444
0.014705882352940234
0.013293943870015196
0.010339734121122306
0.010370370370370216
0.00740740740740733
0.007385524372229682
