2.78277886497065 0.05519480519480453
2.78277886497065 0.05996758508914043
2.78277886497065 0.06035889070146762
2.78277886497065 0.06710310965630098
2.78277886497065 0.07236842105263151
2.78277886497065 0.0819672131147534
2.78277886497065 0.08972267536704741
2.74755381604697 0.09624796084828695
2.74755381604697 0.1024390243902432
2.74755381604697 0.1111111111111113
2.74755381604697 0.11620294599018025
2.74755381604697 0.12377850162866479
2.74755381604697 0.12887438825448577
2.74755381604697 0.13776337115072923
2.74755381604697 0.14238952536824917
2.74755381604697 0.1442463533225286
2.74755381604697 0.1437802907915995
2.74755381604697 0.14838709677419393
2.74755381604697 0.15248796147672528
2.74755381604697 0.1589085072231141
2.74755381604697 0.16264090177133642
2.74755381604697 0.16264090177133642
2.74755381604697 0.16774193548387095
2.74755381604697 0.16346153846153788
2.74755381604697 0.16346153846153788
2.74755381604697 0.16799999999999957
2.74755381604697 0.1693290734824279
2.74755381604697 0.15974440894568742
2.74755381604697 0.15286624203821572
2.74755381604697 0.14331210191082858
2.80039138943249 0.1515151515151504
2.80039138943249 0.14423076923076908
2.80039138943249 0.14240000000000042
2.80039138943249 0.14057507987220455
2.80039138943249 0.13782051282051372
2.80039138943249 0.1355661881977678
2.80039138943249 0.13237639553429026
2.80039138943249 0.12960000000000016
2.80039138943249 0.13237639553429026
2.80039138943249 0.1328000000000008
2.80039138943249 0.1291866028708135
2.80039138943249 0.12960000000000016
2.80039138943249 0.12779552715654932
2.80039138943249 0.125
2.80039138943249 0.12179487179487113
2.80039138943249 0.11821086261980879
2.80039138943249 0.11359999999999956
2.80039138943249 0.11075441412520119
2.80039138943249 0.10576923076923025
2.80039138943249 0.10433386837881146
2.80039138943249 0.09935897435897426
2.80039138943249 0.09470304975922923
2.80039138943249 0.09149277688603533
2.80039138943249 0.0865384615384613
2.80039138943249 0.08306709265175721
2.80039138943249 0.08012820512820455
2.80039138943249 0.07692307692307658
2.80039138943249 0.06879999999999965
2.80039138943249 0.06560000000000069
2.80039138943249 0.059390048154093295
2.80039138943249 0.059390048154093295
2.80039138943249 0.057877813504823045
2.80039138943249 0.05296950240770358
2.80039138943249 0.04991948470209248
2.80039138943249 0.04838709677419316
2.80039138943249 0.045161290322580455
2.80039138943249 0.043338683788122355
2.80039138943249 0.04025764895330088
2.80039138943249 0.03715670436187475
2.80039138943249 0.0354838709677432
2.80039138943249 0.030595813204509072
2.80039138943249 0.028938906752411463
2.80039138943249 0.02415458937198044
2.80039138943249 0.02250803858520926
2.80039138943249 0.022653721682847395
2.80039138943249 0.02250803858520926
2.80039138943249 0.02250803858520926
2.80039138943249 0.020866773675762444
2.80039138943249 0.01607717041800634
2.80039138943249 0.019417475728155813
2.80039138943249 0.01453957996769022
2.80039138943249 0.01453957996769022
2.80039138943249 0.0145867098865474
2.80039138943249 0.01134521880064886
2.80039138943249 0.009708737864077832
2.80039138943249 0.012903225806451613
2.80039138943249 0.009708737864077832
2.80039138943249 0.008077544426495071
2.80039138943249 0.006451612903226209
2.80039138943249 0.003236245954693198
2.80039138943249 0.003236245954693198
2.80039138943249 0.0016155088852992624
2.80039138943249 0.004862236628850236
2.80039138943249 0.0
2.80039138943249 -0.0016155088852983107
2.80039138943249 -0.0016207455429500053
2.80039138943249 -0.0032258064516127384
2.80039138943249 -0.004830917874396216
2.80039138943249 -0.006451612903226209
2.80039138943249 -0.004862236628848545
2.80039138943249 -0.006493506493506017
2.80039138943249 -0.006472491909384781
2.80039138943249 -0.004893964110930013
2.80039138943249 -0.006493506493506017
2.80039138943249 -0.006535947712417967
2.80039138943249 -0.00323624595469232
2.80039138943249 -0.00323624595469232
2.80039138943249 -0.0016155088852983107
2.80039138943249 -0.0016207455429500053
2.80039138943249 0.0
2.80039138943249 -0.0016260162601621124
2.80039138943249 0.0016260162601629256
2.80039138943249 0.0016207455429500788
2.80039138943249 7.343999554478381e-17
2.80039138943249 0.0016207455429500788
2.80039138943249 0.0016260162601629256
2.80039138943249 0.004862236628850236
2.80039138943249 0.004878048780487887
2.80039138943249 0.008130081300812917
2.80039138943249 0.008130081300812917
2.80039138943249 0.008130081300812917
2.80039138943249 0.011419249592170218
2.80039138943249 0.012987012987013054
2.80039138943249 0.01468189233279084
2.80039138943249 0.01788617886178886
2.80039138943249 0.01788617886178886
2.80039138943249 0.01948051948052004
2.80039138943249 0.021069692058347717
2.80039138943249 0.022727272727273033
2.80039138943249 0.024390243902439657
2.80039138943249 0.02755267423014555
2.80039138943249 0.02755267423014555
2.80039138943249 0.029315960912052033
2.80039138943249 0.03414634146341381
2.80039138943249 0.03896103896103917
2.80039138943249 0.040650406504065505
2.80039138943249 0.04234527687296497
2.80039138943249 0.04376012965964374
2.80039138943249 0.045161290322580455
2.80039138943249 0.05040650406504142
2.80039138943249 0.05040650406504142
2.80039138943249 0.05348460291734182
2.80039138943249 0.05691056910569074
2.80039138943249 0.058631921824103324
2.80039138943249 0.05448717948717956
2.80039138943249 0.05448717948717956
2.80039138943249 0.05466237942122112
2.80039138943249 0.05617977528089844
2.80039138943249 0.05769230769230756
2.80039138943249 0.05901116427432155
2.80039138943249 0.05901116427432155
2.80039138943249 0.05769230769230756
2.80039138943249 0.06070287539936073
2.80039138943249 0.06089743589743563
2.80039138943249 0.06200317965023762
2.80039138943249 0.0638977635782751
2.80039138943249 0.06560000000000069
2.80039138943249 0.06369426751592304
2.80039138943249 0.06709265175718866
2.80039138943249 0.06858054226475331
2.80039138943249 0.06880000000000051
2.80039138943249 0.07051282051282043
2.80039138943249 0.07051282051282043
2.80039138943249 0.07544141252006438
2.80039138943249 0.0749601275917066
2.80039138943249 0.07667731629393018
2.80039138943249 0.07961783439490551
2.80039138943249 0.0810810810810817
2.80039138943249 0.08133971291866082
2.80039138943249 0.0842607313195545
2.80039138943249 0.08771929824561345
2.80039138943249 0.08626198083067077
2.80039138943249 0.09324758842443678
2.80039138943249 0.09531502423263309
2.80039138943249 0.09677419354838727
2.80039138943249 0.10177705977382889
2.80039138943249 0.10500807754442734
2.80039138943249 0.11147011308562176
2.80039138943249 0.11363636363636359
2.80039138943249 0.11793214862681754
2.80039138943249 0.12218649517684833
2.80039138943249 0.12399355877616729
2.80039138943249 0.1286173633440522
2.80039138943249 0.13001605136436623
2.80039138943249 0.1336553945249598
2.80039138943249 0.13643659711075504
2.80039138943249 0.138709677419355
2.80039138943249 0.1396468699839499
2.80039138943249 0.14331723027375207
2.80039138943249 0.14516129032258107
2.80039138943249 0.1470113085621979
2.80039138943249 0.15072933549432802
2.80039138943249 0.14975845410628016
2.80039138943249 0.15210355987055035
2.80039138943249 0.14975845410628016
2.80039138943249 0.1487999999999997
2.76516634050881 0.14560000000000006
2.76516634050881 0.14376996805111786
2.76516634050881 0.14376996805111786
2.76516634050881 0.14194577352472118
2.76516634050881 0.14057507987220455
2.76516634050881 0.14239999999999944
2.76516634050881 0.13920000000000046
2.76516634050881 0.13738019169329174
2.76516634050881 0.13738019169329174
2.78277886497065 0.13738019169329174
2.78277886497065 0.13461538461538577
2.78277886497065 0.13461538461538577
2.78277886497065 0.13461538461538577
2.78277886497065 0.1328000000000008
2.78277886497065 0.1309904153354637
2.78277886497065 0.13001605136436623
2.78277886497065 0.1263999999999995
2.78277886497065 0.12721417069243193
2.78277886497065 0.12258064516129058
2.76516634050881 0.12038523274478331
2.76516634050881 0.12038523274478331
2.76516634050881 0.12038523274478331
2.81800391389432 0.11650485436893276
2.78277886497065 0.11290322580645162
2.78277886497065 0.10789049919484608
2.78277886497065 0.10645161290322533
2.78277886497065 0.10500807754442643
2.78277886497065 0.10144927536231987
2.78277886497065 0.09822866344605516
2.78277886497065 0.0953150242326331
2.78277886497065 0.090322580645161
2.78277886497065 0.08828250401284032
2.78277886497065 0.08360128617363262
2.78277886497065 0.08212560386473318
2.78277886497065 0.07865168539325836
2.78277886497065 0.07395498392283013
2.78277886497065 0.07269789983844856
2.78277886497065 0.06902086677367626
2.78277886497065 0.06430868167202529
2.78277886497065 0.06089743589743564
2.78277886497065 0.0576923076923084
2.81800391389432 0.053140096618358126
2.81800391389432 0.04991948470209332
2.81800391389432 0.04654895666131638
2.81800391389432 0.03870967741935498
2.81800391389432 0.035369774919613635
2.81800391389432 0.032154340836013456
2.81800391389432 0.02572347266881044
2.81800391389432 0.020933977455715857
2.81800391389432 0.01777059773828778
2.81800391389432 0.01453957996769022
2.81800391389432 0.008077544426494259
2.81800391389432 0.004830917874397023
2.81800391389432 8.052340156668392e-16
2.81800391389432 -0.004830917874396216
2.81800391389432 -0.009677419354838143
2.81800391389432 -0.014492753623188716
2.81800391389432 -0.019354838709677913
2.81800391389432 -0.022508038585209257
2.81800391389432 -0.027375201288244416
2.81800391389432 -0.024311183144246254
2.81800391389432 -0.025889967637540593
2.81800391389432 -0.025889967637540593
2.81800391389432 -0.025889967637540593
2.81800391389432 -0.027463651050081302
2.81800391389432 -0.030595813204508444
2.81800391389432 -0.03225806451612888
2.81800391389432 -0.03225806451612888
2.81800391389432 -0.03548387096774227
2.81800391389432 -0.03715670436187382
2.81800391389432 -0.04025764895330158
2.81800391389432 -0.03715670436187382
2.81800391389432 -0.03870967741935505
2.81800391389432 -0.03883495145631001
2.81800391389432 -0.04025764895330158
2.81800391389432 -0.04193548387096768
2.81800391389432 -0.04025764895330158
2.81800391389432 -0.03858520900321639
2.81800391389432 -0.03858520900321639
2.81800391389432 -0.03858520900321639
2.81800391389432 -0.036918138041734244
2.81800391389432 -0.036918138041734244
2.81800391389432 -0.036918138041734244
2.81800391389432 -0.03381642512077303
2.81800391389432 -0.033707865168539526
2.81800391389432 -0.030400000000000295
2.81800391389432 -0.028753993610224432
2.81800391389432 -0.027287319422150565
2.81800391389432 -0.028938906752410756
2.81800391389432 -0.027463651050081302
2.81800391389432 -0.022580645161290557
2.81800391389432 -0.022580645161290557
2.81800391389432 -0.016077170418006267
2.81800391389432 -0.016077170418006267
2.81800391389432 -0.011199999999999755
2.81800391389432 -0.012903225806451613
2.81800391389432 -0.0031948881789135744
2.81800391389432 8.026448387675885e-16
2.81800391389432 0.0064102564102568125
2.81800391389432 0.008000000000000717
2.81800391389432 0.012903225806451686
2.81800391389432 0.01771336553945273
2.81800391389432 0.027199999999999665
2.81800391389432 0.03360000000000004
2.81800391389432 0.035256410256410624
2.81800391389432 0.04347826086956561
2.81800391389432 0.04975922953451124
2.81800391389432 0.05654281098546088
2.81800391389432 0.05787781350482305
2.81800391389432 0.06472491909385061
2.81800391389432 0.06969205834684007
2.81800391389432 0.07443365695792858
2.81800391389432 0.08469055374592759
2.81800391389432 0.09324758842443757
2.81800391389432 0.09385113268608439
2.81800391389432 0.10210696920583497
2.81800391389432 0.10500807754442655
2.81800391389432 0.1132686084142395
2.81800391389432 0.11831442463533236
2.81800391389432 0.1252032520325208
2.81800391389432 0.13408723747980705
2.81800391389432 0.14331723027375146
2.81800391389432 0.148387096774194
2.81800391389432 0.1529790660225439
2.81800391389432 0.15806451612903297
2.81800391389432 0.153846153846154
2.81800391389432 0.1570512820512818
2.81800391389432 0.16346153846153877
2.81800391389432 0.1680000000000006
2.81800391389432 0.16211878009630895
2.81800391389432 0.16908212560386418
2.81800391389432 0.16479999999999992
2.81800391389432 0.16479999999999992
2.81800391389432 0.15689381933438926
2.81800391389432 0.15689381933438926
2.81800391389432 0.15822784810126542
2.81800391389432 0.15421303656597726
2.81800391389432 0.15470494417862862
2.81800391389432 0.15421303656597726
2.81800391389432 0.14012738853503176
2.81800391389432 0.12893081761006336
2.81800391389432 0.1170046801872074
2.81800391389432 0.10798122065727744
2.81800391389432 0.1031249999999995
2.853228962818 0.09433962264150882
2.853228962818 0.0877742946708461
2.853228962818 0.08607198748043757
2.853228962818 0.07956318252730088
2.853228962818 0.07668231611893649
2.853228962818 0.07332293291731758
2.853228962818 0.07020280811232475
2.853228962818 0.06729264475743317
2.853228962818 0.06624605678233533
2.853228962818 0.061611374407583026
2.853228962818 0.05863708399366191
2.853228962818 0.05379746835443048
2.853228962818 0.0491283676703645
2.853228962818 0.04595879556259918
2.853228962818 0.03961965134706701
2.853228962818 0.036334913112164226
2.853228962818 0.031645569620252924
2.853228962818 0.028391167192428946
2.853228962818 0.02523659305993704
2.853228962818 0.02222222222222253
2.853228962818 0.0158730158730157
2.853228962818 0.012738853503183918
2.853228962818 0.001594896331738754
2.853228962818 0.0016000000000003193
2.853228962818 -0.003194888178913574
2.853228962818 -0.009584664536740648
2.853228962818 -0.007999999999999912
2.853228962818 -0.012779552715654233
2.853228962818 -0.017599999999999425
2.853228962818 -0.02079999999999999
2.853228962818 -0.023923444976076316
2.853228962818 -0.023999999999999917
2.80039138943249 -0.024077046548956555
2.80039138943249 -0.02572347266881044
2.80039138943249 -0.02737520128824532
2.80039138943249 -0.025641025641025068
2.80039138943249 -0.025641025641025068
2.80039138943249 -0.028938906752411658
2.80039138943249 -0.03225806451612887
2.72994129158513 -0.03679999999999997
2.72994129158513 -0.03370786516853946
2.72994129158513 -0.03679999999999997
2.71232876712329 -0.03987240829346067
2.71232876712329 -0.04140127388535045
2.71232876712329 -0.04320000000000026
2.71232876712329 -0.04472843450479297
2.71232876712329 -0.04306220095693818
2.71232876712329 -0.044585987261147104
2.71232876712329 -0.04610492845786979
2.71232876712329 -0.04640000000000013
2.71232876712329 -0.047923322683706436
2.71232876712329 -0.04975922953451047
2.71232876712329 -0.047923322683706436
2.71232876712329 -0.04640000000000013
2.71232876712329 -0.04975922953451047
2.71232876712329 -0.04807692307692271
2.71232876712329 -0.04640000000000013
2.71232876712329 -0.04640000000000013
2.71232876712329 -0.04487179487179462
2.71232876712329 -0.04180064308681671
2.71232876712329 -0.040257648953301584
2.71232876712329 -0.03703703703703768
2.71232876712329 -0.03548387096774227
2.71232876712329 -0.03392568659127635
2.71232876712329 -0.029032258064516182
2.71232876712329 -0.027199999999999665
2.71232876712329 -0.027113237639553898
2.71232876712329 -0.022364217252396394
2.71232876712329 -0.023847376788553077
2.71232876712329 -0.022364217252396394
2.71232876712329 -0.017543859649123035
2.71232876712329 -0.012779552715654233
2.71232876712329 -0.009584664536740648
2.71232876712329 -0.007999999999999912
2.71232876712329 -0.004799999999999279
2.71232876712329 0.0
2.71232876712329 0.00320512820512797
2.71232876712329 0.006389776357827873
2.71232876712329 0.00800000000000079
2.71232876712329 0.012820512820512015
2.71232876712329 0.017599999999999352
2.71232876712329 0.020866773675762444
2.71232876712329 0.025641025641025775
2.71232876712329 0.030497592295345426
2.71232876712329 0.030497592295345426
2.71232876712329 0.0401284109149275
2.71232876712329 0.03338632750397392
2.71232876712329 0.03821656050955438
2.71232876712329 0.04319999999999951
2.71232876712329 0.04292527821939615
2.71232876712329 0.049600000000000775
2.71232876712329 0.0492845786963426
2.71232876712329 0.0539682539682541
2.71232876712329 0.055292259083729506
2.71232876712329 0.05826771653543333
2.71232876712329 0.05863708399366099
2.71232876712329 0.061611374407582124
2.71232876712329 0.06477093206951014
2.71232876712329 0.06771653543307053
2.71232876712329 0.06918238993710693
2.71232876712329 0.0721003134796244
2.71232876712329 0.07232704402515774
2.71232876712329 0.07378335949764529
2.71232876712329 0.07500000000000115
2.71232876712329 0.07981220657276966
2.71232876712329 0.08268330733229284
2.71232876712329 0.08320251177394072
2.71232876712329 0.0843749999999999
2.71232876712329 0.0877742946708461
2.71232876712329 0.0877742946708461
2.71232876712329 0.09062499999999957
2.71232876712329 0.09233176838810626
2.71232876712329 0.08607198748043757
2.71232876712329 0.0877742946708461
2.71232876712329 0.08607198748043757
2.71232876712329 0.0877742946708461
2.71232876712329 0.0892018779342723
2.71232876712329 0.08948194662480374
2.71232876712329 0.08948194662480374
2.71232876712329 0.09291338582677153
2.71232876712329 0.08749999999999966
2.71232876712329 0.08607198748043757
2.71232876712329 0.08749999999999966
2.71232876712329 0.08580343213728567
2.71232876712329 0.08749999999999966
2.71232876712329 0.08749999999999966
2.71232876712329 0.08399366085578394
2.71232876712329 0.08056872037914664
2.71232876712329 0.07911392405063307
2.71232876712329 0.07594936708860804
2.71232876712329 0.07594936708860804
2.71232876712329 0.07594936708860804
2.71232876712329 0.0776545166402535
2.71232876712329 0.07594936708860804
2.71232876712329 0.0744849445324882
2.71232876712329 0.07740916271722026
2.71232876712329 0.07594936708860804
2.71232876712329 0.07619047619047577
2.71232876712329 0.07424960505529238
2.71232876712329 0.07154213036565923
2.71232876712329 0.06984126984126982
2.71232876712329 0.06984126984126982
2.71232876712329 0.06858054226475246
2.71232876712329 0.06858054226475246
2.71232876712329 0.06858054226475246
2.71232876712329 0.056962025316456416
2.71232876712329 0.055292259083729506
2.71232876712329 0.0539682539682541
2.71232876712329 0.05263157894736737
2.71232876712329 0.05095541401273838
2.65949119373777 0.047619047619047325
2.65949119373777 0.04595879556259842
2.65949119373777 0.04292527821939615
2.65949119373777 0.039619651347068595
2.65949119373777 0.039619651347068595
2.65949119373777 0.03645007923930266
2.65949119373777 0.03492063492063451
2.65949119373777 0.033175355450237025
2.65949119373777 0.030206677265501105
2.65949119373777 0.030110935023771244
2.65949119373777 0.02539682539682552
2.65949119373777 0.022292993630572754
2.65949119373777 0.019169329073482167
2.65949119373777 0.019047619047618727
2.65949119373777 0.015873015873016576
2.65949119373777 0.01265822784810133
2.65949119373777 0.011128775834657876
2.65949119373777 0.009554140127388767
2.65949119373777 0.0063694267515928315
2.65949119373777 0.0063694267515928315
2.65949119373777 0.004769475357710807
2.65949119373777 0.001589825119237199
2.65949119373777 -0.0015898251192371991
2.65949119373777 -0.0015898251192371991
2.65949119373777 -0.004769475357710807
2.65949119373777 -0.00634920634920603
2.64187866927593 -0.006369426751592031
2.64187866927593 -0.00794912559618362
2.64187866927593 -0.011128775834657144
2.64187866927593 -0.011128775834657144
2.64187866927593 -0.014354066985645527
2.64187866927593 -0.015974440894568606
2.64187866927593 -0.01760000000000024
2.64187866927593 -0.015974440894568606
2.64187866927593 -0.017543859649123035
2.64187866927593 -0.02066772655007949
2.64187866927593 -0.02229299363057357
2.64187866927593 -0.02229299363057357
2.64187866927593 -0.02384737678855389
2.64187866927593 -0.027113237639553006
2.64187866927593 -0.027113237639553006
2.64187866927593 -0.030400000000000225
2.64187866927593 -0.028753993610223613
2.64187866927593 -0.03069466882067882
2.60665362035225 -0.013114754098360727
2.60665362035225 -0.07154742096505783
2.60665362035225 -0.07284768211920535
2.60665362035225 -0.07768595041322322
2.60665362035225 -0.07947019867549625
2.60665362035225 0.004622496147920028
2.97651663405088 -0.09667673716012055
2.97651663405088 -0.09939759036144542
3.01174168297456 -0.09502262443438851
3.01174168297456 -0.08157099697885183
3.01174168297456 -0.08320726172465973
3.01174168297456 -0.08181818181818172
3.01174168297456 -0.07878787878787885
2.99412915851272 -0.07530120481927723
2.99412915851272 -0.07854984894259807
2.99412915851272 -0.07854984894259807
2.99412915851272 -0.0771558245083204
2.99412915851272 -0.07575757575757516
2.99412915851272 -0.07575757575757516
2.99412915851272 -0.07902735562310034
2.99412915851272 -0.07575757575757516
2.99412915851272 -0.07435508345978668
2.99412915851272 -0.07435508345978668
2.99412915851272 -0.07294832826747605
2.99412915851272 -0.06990881458966555
2.99412915851272 -0.06990881458966555
2.99412915851272 -0.06990881458966555
2.99412915851272 -0.06849315068493106
2.99412915851272 -0.06707317073170728
2.99412915851272 -0.06564885496183245
2.99412915851272 -0.06707317073170728
2.99412915851272 -0.06564885496183245
2.99412915851272 -0.06564885496183245
2.99412915851272 -0.06422018348623872
2.99412915851272 -0.06259541984732811
2.99412915851272 -0.06116207951070286
2.99412915851272 -0.06116207951070286
2.99412915851272 -0.05792682926829235
2.99412915851272 -0.05167173252279566
2.95890410958904 -0.04309063893016363
2.99412915851272 -0.04166666666666649
2.99412915851272 -0.04647676161918962
2.99412915851272 -0.043348281016442676
2.99412915851272 -0.04191616766467053
2.99412915851272 -0.037369207772794906
2.99412915851272 -0.037369207772794906
2.99412915851272 -0.032640949554895715
2.99412915851272 -0.03582089552238828
2.99412915851272 -0.03427719821162436
2.99412915851272 -0.031203566121842566
2.99412915851272 -0.03273809523809485
2.99412915851272 -0.028315946348733453
2.99412915851272 -0.02976190476190454
2.99412915851272 -0.02958579881656787
2.99412915851272 -0.028231797919761735
2.99412915851272 -0.02670623145400518
2.99412915851272 -0.023668639053254597
2.99412915851272 -0.023668639053254597
2.99412915851272 -0.022222222222222813
2.99412915851272 -0.019202363367799104
2.99412915851272 -0.019202363367799104
2.99412915851272 -0.016393442622951712
2.99412915851272 -0.01488095238095297
2.99412915851272 -0.01337295690936136
2.99412915851272 -0.010432190760059317
2.99412915851272 -0.010432190760059317
