2.99412915851272 -0.008955223880596493
2.99412915851272 -0.008955223880596493
2.99412915851272 -0.0074738415545589675
2.99412915851272 -0.00447093889716855
2.99412915851272 -0.003003003003002782
2.99412915851272 -0.003030303030303631
2.99412915851272 0.004524886877828128
2.99412915851272 0.0030211480362535527
2.99412915851272 0.009063444108761488
2.99412915851272 0.012121212121211361
2.99412915851272 0.012084592145015172
2.99412915851272 0.016641452344931383
2.99412915851272 0.016641452344931383
2.99412915851272 0.019667170953100586
2.99412915851272 0.02416918429002952
2.99412915851272 0.024390243902439927
2.99412915851272 0.024316109422492543
2.99412915851272 0.029096477794793463
2.99412915851272 0.028831562974203577
2.99412915851272 0.03343465045592663
2.99412915851272 0.030303030303030897
2.99412915851272 0.03343465045592663
2.99412915851272 -0.0771558245083204
2.99412915851272 -0.07669172932330878
2.99412915851272 -0.07669172932330878
2.99412915851272 -0.07946026986506792
2.99412915851272 -0.08270676691729263
2.99412915851272 -0.08270676691729263
2.99412915851272 -0.08571428571428572
2.99412915851272 -0.08459214501510544
2.99412915851272 -0.08270676691729263
2.99412915851272 -0.08270676691729263
2.99412915851272 -0.08270676691729263
2.99412915851272 -0.07993966817496176
2.99412915851272 -0.0684523809523807
2.99412915851272 -0.06547619047619044
2.99412915851272 -0.06528189910979307
2.99412915851272 -0.06389301634472555
2.99412915851272 -0.06213017751479305
2.99412915851272 -0.05934718100890167
2.99412915851272 -0.05952380952380909
2.99412915851272 -0.05671641791044823
2.99412915851272 -0.05389221556886219
2.99412915851272 -0.04947526236881534
2.99412915851272 -0.04633781763826597
2.99412915851272 -0.04179104477612003
2.9412915851272 -0.0401188707280835
2.9412915851272 -0.038575667655786336
2.9412915851272 -0.034175334323922626
2.9412915851272 -0.034175334323922626
2.9412915851272 -0.03407407407407407
2.9412915851272 -0.03264094955489657
2.97651663405088 -0.03880597014925377
2.97651663405088 -0.03736920777279569
2.97651663405088 -0.03293413173652654
2.97651663405088 -0.031390134529148045
2.97651663405088 -0.029940119760478816
2.97651663405088 -0.029940119760478816
2.97651663405088 -0.027027027027026942
2.97651663405088 -0.03303303303303265
2.97651663405088 -0.027027027027026942
2.97651663405088 -0.026946107784431877
2.97651663405088 -0.023880597014925502
2.97651663405088 -0.02402402402402418
2.97651663405088 -0.022488755622188824
2.97651663405088 -0.020958083832334877
2.97651663405088 -0.019548872180451933
2.97651663405088 -0.01649175412293873
2.97651663405088 -0.015015015015014989
2.97651663405088 -0.010526315789473528
2.97651663405088 -0.010526315789473528
2.97651663405088 -0.007541478129714165
2.97651663405088 -0.004524886877828129
2.97651663405088 0.0
2.97651663405088 0.00299401197604775
2.97651663405088 0.007473841554558968
2.97651663405088 0.007473841554558968
2.97651663405088 0.010432190760059386
2.97651663405088 0.009063444108761557
2.97651663405088 0.015060240963855267
2.97651663405088 0.019490254872563704
2.97651663405088 0.022556390977443438
2.97651663405088 0.027027027027026945
2.97651663405088 0.030120481927710607
2.97651663405088 0.03021148036253834
2.97651663405088 0.037593984962405756
2.97651663405088 0.04229607250755269
2.97651663405088 0.046757164404223145
2.97651663405088 0.04848484848484796
2.97651663405088 0.05279034690799358
2.97651663405088 0.05580693815987955
2.97651663405088 0.05988023952095839
2.97651663405088 0.0628742514970069
2.97651663405088 0.06567164179104477
2.97651663405088 0.06865671641791024
2.97651663405088 0.07324364723467926
2.97651663405088 0.074626865671642
2.97651663405088 0.07646176911544195
2.97651663405088 0.07946026986506696
2.97651663405088 0.08018154311649058
2.97651663405088 0.08459214501510613
2.97651663405088 0.08649468892260996
2.97651663405088 0.08597285067873296
2.97651663405088 0.09256449165402082
2.97651663405088 0.09365558912386623
2.97651663405088 0.09365558912386623
2.97651663405088 0.09833585476550677
2.97651663405088 0.10044977511244288
2.97651663405088 0.10136157337367695
2.97651663405088 0.10407239819004575
2.97651663405088 0.1087613293051357
2.97651663405088 0.10977443609022501
2.97651663405088 0.10843373493975896
2.97651663405088 0.10843373493975896
2.97651663405088 0.11111111111111084
2.9412915851272 0.10676691729323351
2.9412915851272 0.10644677661169438
2.9412915851272 0.10510510510510512
2.9412915851272 0.10375939849624029
2.9412915851272 0.10044977511244371
2.9412915851272 0.09417040358744412
2.9412915851272 0.09090909090909044
2.9412915851272 0.08245877061469283
2.9412915851272 0.07784431137724557
2.9412915851272 0.07346326836581697
2.99412915851272 0.07025411061285505
2.99412915851272 0.06268656716418007
2.99412915851272 0.05829596412556062
2.99412915851272 0.052316890881913616
2.99412915851272 0.03427719821162436
2.99412915851272 0.02831594634873352
2.99412915851272 0.02083333333333286
2.99412915851272 0.011869436201779743
2.99412915851272 0.004457652303119692
2.99412915851272 -0.005952380952380653
2.99412915851272 -0.013372956909361428
2.99412915851272 -0.014880952380952285
2.99412915851272 -0.023738872403560967
3.01174168297456 -0.029761904761904615
3.01174168297456 -0.03999999999999956
3.01174168297456 -0.04592592592592519
3.01174168297456 -0.05044510385756615
3.01174168297456 -0.05637982195845753
3.01174168297456 -0.065281899109793
3.01174168297456 -0.06983655274888555
3.01174168297456 -0.07555555555555522
3.01174168297456 -0.08284023668639028
3.01174168297456 -0.08875739644970347
3.01174168297456 -0.09925925925925912
3.01174168297456 -0.08605341246290679
3.01174168297456 -0.0844444444444437
3.01174168297456 -0.09037037037037002
3.01174168297456 -0.09226190476190477
3.01174168297456 -0.09523809523809504
3.01174168297456 -0.09171597633136086
3.01174168297456 -0.09523809523809504
3.01174168297456 -0.09439528023598791
3.01174168297456 -0.09467455621301758
3.01174168297456 -0.09734513274336319
3.01174168297456 -0.09467455621301758
3.01174168297456 -0.09629629629629644
3.01174168297456 -0.09734513274336319
3.01174168297456 -0.09171597633136086
3.01174168297456 -0.08849557522123902
3.01174168297456 -0.09010339734121081
3.01174168297456 -0.08902077151335248
3.01174168297456 -0.08849557522123902
3.01174168297456 -0.0819672131147543
3.01174168297456 -0.08059701492537305
3.01174168297456 -0.0792227204783262
2.97651663405088 -0.07784431137724626
2.92367906066536 -0.07485029940119776
2.92367906066536 -0.07302533532041719
2.92367906066536 -0.06865671641791024
2.92367906066536 -0.06706408345752549
2.92367906066536 -0.0658682634730539
2.92367906066536 -0.0656716417910446
2.92367906066536 -0.05812220566318932
2.92367906066536 -0.05200594353640378
2.92367906066536 -0.05059523809523813
2.92367906066536 -0.044642857142856006
2.92367906066536 -0.04334828101644255
2.92367906066536 -0.0341753343239234
2.92367906066536 -0.03129657228017892
2.92367906066536 -0.02533532041728798
2.92367906066536 -0.01931649331352235
2.92367906066536 -0.013412816691505581
2.92367906066536 -0.008982035928143936
2.88845401174168 -0.004470938897167735
2.88845401174168 -6.77401749950394e-17
2.87084148727984 0.00447093889716855
2.87084148727984 0.008928571428570902
2.87084148727984 0.013412816691505581
2.87084148727984 0.020895522388059237
2.87084148727984 0.025411061285500455
2.87084148727984 0.02985074626865654
2.87084148727984 0.03582089552238828
2.87084148727984 0.040358744394617556
2.87084148727984 0.04179104477611932
2.87084148727984 0.04633781763826598
2.87084148727984 0.05089820359281447
2.87084148727984 0.056886227544910684
2.87084148727984 0.05988023952095925
2.83561643835616 0.06427503736920825
2.83561643835616 0.06886227544910156
2.83561643835616 0.06865671641791098
2.83561643835616 0.0746268656716412
2.83561643835616 0.07324364723467777
2.83561643835616 0.07784431137724557
2.83561643835616 0.08083832335329331
2.83561643835616 0.08545727136431704
2.83561643835616 0.08819133034379646
2.83561643835616 0.08982035928143725
2.83561643835616 0.0944527736131935
2.83561643835616 0.09580838323353262
2.83561643835616 0.09880239520958045
2.83561643835616 0.10210210210210235
2.83561643835616 0.10676691729323261
2.83561643835616 0.11111111111111083
2.83561643835616 0.11278195488721804
2.83561643835616 0.11711711711711713
2.83561643835616 0.11879699248120336
2.83561643835616 0.12217194570135763
2.83561643835616 0.12705530642750434
2.83561643835616 0.13043478260869515
2.83561643835616 0.1330343796711503
2.83561643835616 0.13513513513513553
2.83561643835616 0.13943028485757114
2.83561643835616 0.14114114114114143
2.83561643835616 0.14542728635682187
2.83561643835616 0.13725490196078519
2.83561643835616 0.13813813813813847
2.83561643835616 0.13984962406015103
2.83561643835616 0.14027149321267024
2.83561643835616 0.13897280966767409
2.83561643835616 0.1393939393939389
2.74755381604697 0.13725490196078433
2.74755381604697 0.13554216867469931
2.74755381604697 0.13684210526315801
2.74755381604697 0.13173652694610777
2.74755381604697 0.13173652694610777
2.74755381604697 0.12743628185907024
2.74755381604697 0.12743628185907024
2.74755381604697 0.12537313432835775
2.74755381604697 0.12369597615499267
2.74755381604697 0.12202380952380926
2.74755381604697 0.11676646706586832
2.74755381604697 0.1137724550898199
2.74755381604697 0.10778443113772518
2.74755381604697 0.10510510510510519
2.74755381604697 0.10252600297176863
2.80039138943249 0.10075187969924797
2.80039138943249 0.09880239520958119
2.80039138943249 0.09388971684053676
2.80039138943249 0.09063893016344761
2.80039138943249 0.08469539375928682
2.80039138943249 0.08035714285714347
2.80039138943249 0.0757800891530465
2.80039138943249 0.07142857142857108
2.80039138943249 0.06547619047619037
2.80039138943249 0.06092124814264479
2.80039138943249 0.05341246290801171
2.80039138943249 0.047477744807121094
2.80039138943249 0.047477744807121094
2.80039138943249 0.040118870728082734
2.80039138943249 0.034175334323922626
2.80039138943249 0.03264094955489657
2.80039138943249 0.023668639053254597
2.80039138943249 0.020710059171597923
2.80039138943249 0.014792899408283933
2.78277886497065 0.007385524372229682
2.80039138943249 0.002967359050444212
2.80039138943249 -0.0014771048744463128
2.80039138943249 -0.0029585798816565874
2.80039138943249 -0.007363770250368115
2.80039138943249 -0.014749262536873146
2.80039138943249 -0.02058823529411794
2.80039138943249 -0.02503681885125152
2.80039138943249 -0.03377386196769448
2.853228962818 -0.031203566121842632
2.853228962818 -0.03846153846153849
2.853228962818 -0.041297935103244726
2.853228962818 -0.04579025110782867
2.853228962818 -0.045655375552282745
2.853228962818 -0.05000000000000015
2.853228962818 -0.052941176470588124
2.853228962818 -0.055718475073313525
2.853228962818 -0.06020558002936769
2.853228962818 -0.06646971935007336
2.853228962818 -0.07079646017699151
2.853228962818 -0.07352941176470618
2.90606653620352 -0.06194690265486747
2.90606653620352 -0.06351550960118214
2.90606653620352 -0.06470588235294125
2.90606653620352 -0.06470588235294125
2.90606653620352 -0.06764705882352993
2.90606653620352 -0.06744868035190678
2.90606653620352 -0.06921944035346103
2.90606653620352 -0.06921944035346103
2.90606653620352 -0.06921944035346103
2.90606653620352 -0.06921944035346103
2.90606653620352 -0.07079646017699073
2.90606653620352 -0.07079646017699073
2.90606653620352 -0.06921944035346103
2.90606653620352 -0.06764705882352993
2.90606653620352 -0.06942392909896608
2.90606653620352 -0.06942392909896608
2.90606653620352 -0.06764705882352993
2.90606653620352 -0.06489675516224262
2.90606653620352 -0.06489675516224262
2.90606653620352 -0.06489675516224262
2.90606653620352 -0.06547619047619037
2.78277886497065 -0.06666666666666618
2.78277886497065 -0.06370370370370342
2.78277886497065 -0.06370370370370342
2.80039138943249 -0.0753323485967509
2.80039138943249 -0.07396449704142032
2.80039138943249 -0.06764705882352914
2.80039138943249 -0.0664697193500741
2.80039138943249 -0.06508875739645037
2.80039138943249 -0.06370370370370416
2.80039138943249 -0.06231454005934729
2.80039138943249 -0.05917159763313559
2.80039138943249 -0.0588235294117657
2.80039138943249 -0.05604719764011844
2.80039138943249 -0.057607090103397304
2.80039138943249 -0.05604719764011844
2.80039138943249 -0.053097345132743355
2.80039138943249 -0.053097345132743355
2.80039138943249 -0.04860088365243061
2.80039138943249 -0.04733727810650842
2.80039138943249 -0.04579025110782866
2.80039138943249 -0.0443786982248518
2.80039138943249 -0.0415430267062321
2.80039138943249 -0.04270986745213489
2.80039138943249 -0.03988183161004385
2.74755381604697 -0.041055718475073145
2.74755381604697 -0.03692762186115193
2.74755381604697 -0.035190615835777324
2.74755381604697 -0.031111111111111166
2.74755381604697 -0.031019202363367835
2.65949119373777 -0.0280649926144759
2.65949119373777 -0.02654867256637241
2.65949119373777 -0.02654867256637241
2.65949119373777 -0.022091310751104345
2.65949119373777 -0.020648967551622696
2.65949119373777 -0.016248153618906348
2.65949119373777 -0.014749262536872264
2.65949119373777 -0.013293943870014384
2.65949119373777 -0.01033973412112317
2.65949119373777 -0.008875739644970695
2.58904109589041 -0.007363770250368115
2.58904109589041 -0.002941176470588087
2.58904109589041 -7.363496898428323e-16
2.58904109589041 0.001472754050072393
2.58904109589041 0.0029411764705873505
2.58904109589041 0.005899705014748963
2.58904109589041 0.008849557522124116
2.58904109589041 0.008823529411764989
2.58904109589041 0.011799410029498589
2.58904109589041 0.016248153618907097
2.58904109589041 0.017699115044248228
2.58904109589041 0.022156573116691107
2.58904109589041 0.025185185185185605
2.58904109589041 0.02958579881656778
2.58904109589041 0.02958579881656778
2.58904109589041 0.034074074074073236
2.55381604696673 0.03397341211225981
2.55381604696673 0.037037037037036785
2.55381604696673 0.039999999999999564
2.55381604696673 0.04142011834319505
2.55381604696673 0.04296296296296305
2.55381604696673 0.04592592592592589
2.55381604696673 0.04579025110782789
2.55381604696673 0.04874446085672058
2.55381604696673 0.05029585798816574
2.55381604696673 0.05029585798816574
2.55381604696673 0.05481481481481499
2.55381604696673 0.05465288035450532
2.55381604696673 0.057777777777778545
2.55381604696673 0.057777777777778545
2.55381604696673 0.062314540059347306
2.55381604696673 0.062314540059347306
2.55381604696673 0.062314540059347306
2.55381604696673 0.06508875739644969
2.55381604696673 0.06370370370370342
2.55381604696673 0.06666666666666618
2.55381604696673 0.06666666666666618
2.55381604696673 0.05621301775147968
2.55381604696673 0.05621301775147968
2.55381604696673 0.0546528803545061
2.55381604696673 0.0546528803545061
2.55381604696673 0.05000000000000001
2.55381604696673 0.04860088365242984
2.55381604696673 0.04437869822485173
2.55381604696673 0.038123167155425235
2.55381604696673 0.036818851251841346
2.55381604696673 0.033674963396778744
2.55381604696673 0.030927835051546452
2.55381604696673 0.029411764705882047
2.55381604696673 0.029411764705882047
2.55381604696673 0.027900146842878334
2.55381604696673 0.02352941176470523
2.55381604696673 0.022026431718060725
2.55381604696673 0.017595307917889075
2.55381604696673 0.013254786450663112
2.55381604696673 0.008849557522124114
2.55381604696673 0.0073421439060205465
2.55381604696673 0.0073421439060205465
2.55381604696673 0.00147710487444638
2.55381604696673 0.0014684287812036705
2.55381604696673 -0.0014727540500739302
2.55381604696673 0.004392386530014781
2.55381604696673 0.0044052863436124115
2.55381604696673 0.0014641288433377066
2.55381604696673 -7.320309233334902e-16
2.55381604696673 -0.0029325513196486737
2.55381604696673 -0.007320644216690997
2.55381604696673 -0.010218978102190286
2.55381604696673 -0.014577259475217789
2.55381604696673 -0.02052785923753619
2.55381604696673 -0.02196193265007231
2.55381604696673 -0.02773722627737187
2.55381604696673 -0.030567685589519753
2.55381604696673 -0.03498542274052492
2.55381604696673 -0.03779069767441867
2.55381604696673 -0.04221251819505108
2.55381604696673 -0.046647230320699194
2.55381604696673 -0.050946142649199826
2.55381604696673 -0.05523255813953532
2.55381604696673 -0.0581395348837205
2.55381604696673 -0.062409288824383576
2.55381604696673 -0.06686046511627806
2.55381604696673 -0.04385964912280671
2.55381604696673 -0.04398826979472112
2.55381604696673 -0.04538799414348469
2.55381604696673 -0.04538799414348469
2.55381604696673 -0.04678362573099443
2.55381604696673 -0.04831625183016157
2.55381604696673 -0.04985337243401765
2.55381604696673 -0.051395007342143494
2.55381604696673 -0.04985337243401765
2.55381604696673 -0.051395007342143494
2.55381604696673 -0.05294117647058806
2.55381604696673 -0.051698670605612645
2.55381604696673 -0.052631578947368335
2.55381604696673 -0.04985337243401765
2.55381604696673 -0.05401459854014542
2.55381604696673 -0.05401459854014542
2.55381604696673 -0.05571847507331346
2.55381604696673 -0.05865102639296061
2.55381604696673 -0.06020558002936769
2.55381604696673 -0.06020558002936769
2.55381604696673 -0.05710102489018954
2.55381604696673 -0.06020558002936769
2.55381604696673 -0.05865102639296061
2.55381604696673 -0.06020558002936769
2.55381604696673 -0.06020558002936769
2.55381604696673 -0.0588235294117643
2.55381604696673 -0.06176470588235229
2.55381604696673 -0.06194690265486747
2.55381604696673 -0.06351550960118214
2.55381604696673 -0.06627393225331402
2.55381604696673 -0.06627393225331402
2.55381604696673 -0.06764705882352992
2.55381604696673 -0.06666666666666618
2.55381604696673 -0.06666666666666618
2.55381604696673 -0.06666666666666618
2.55381604696673 -0.06547619047619035
2.55381604696673 -0.062314540059347306
2.55381604696673 -0.06249999999999943
2.55381604696673 -0.06784660766961637
2.55381604696673 -0.0690161527165941
2.55381604696673 -0.07079646017699073
2.55381604696673 -0.07079646017699073
2.55381604696673 -0.07079646017699073
2.55381604696673 -0.06804733727810629
2.51859099804305 -0.06921944035346103
2.51859099804305 -0.0712166172106829
2.51859099804305 -0.0712166172106829
2.48336594911937 -0.07079646017699073
2.48336594911937 -0.07352941176470539
2.48336594911937 -0.07079646017699073
2.48336594911937 -0.07195301027900146
2.48336594911937 -0.07259259259259258
2.48336594911937 -0.07467057101024935
2.48336594911937 -0.07511045655375527
2.48336594911937 -0.07467057101024935
2.51859099804305 -0.07259259259259328
2.48336594911937 -0.07511045655375527
2.48336594911937 -0.07216494845360816
2.48336594911937 -0.07079646017699073
2.48336594911937 -0.07058823529411805
2.48336594911937 -0.07058823529411805
2.48336594911937 -0.07079646017699073
2.48336594911937 -0.06627393225331402
2.48336594911937 -0.06627393225331402
2.48336594911937 -0.06508875739644969
2.48336594911937 -0.06627393225331402
2.48336594911937 -0.06627393225331402
2.48336594911937 -0.06489675516224186
2.48336594911937 -0.06038291605301898
2.48336594911937 -0.06038291605301898
2.48336594911937 -0.058997050147492944
2.48336594911937 -0.05760709010339731
2.48336594911937 -0.05777777777777792
2.48336594911937 -0.05465288035450469
2.48336594911937 -0.04719764011799355
2.48336594911937 -0.04579025110782859
2.48336594911937 -0.04437869822485172
2.48336594911937 -0.042709867452136355
2.48336594911937 -0.03988183161004468
2.48336594911937 -0.0369276218611527
2.48336594911937 -0.032352941176471
2.48336594911937 -0.031019202363367186
2.48336594911937 -0.02806499261447512
2.48336594911937 -0.023668639053255315
2.48336594911937 -0.023668639053255315
2.48336594911937 -0.019202363367799104
2.48336594911937 -0.01775147928994053
2.48336594911937 -0.014792899408283933
2.48336594911937 -0.010370370370370132
2.48336594911937 -0.007407407407407398
2.48336594911937 -0.007407407407407398
2.48336594911937 -0.0044313146233383996
2.48336594911937 -0.0014814814814817754
2.48336594911937 0.0014814814814810369
2.48336594911937 0.004457652303120505
2.48336594911937 0.004457652303120505
2.48336594911937 0.010401188707280599
2.48336594911937 0.010401188707280599
2.48336594911937 0.016393442622950952
2.48336594911937 0.019316493313520734
2.48336594911937 0.02228826151560163
2.48336594911937 0.025335320417287255
2.48336594911937 0.025260029717682396
2.48336594911937 0.026785714285714197
2.48336594911937 0.029673590504450738
2.48336594911937 0.03427719821162429
2.48336594911937 0.03427719821162429
2.48336594911937 0.035714285714285914
2.48336594911937 0.03725782414306978
2.48336594911937 0.03869047619047549
2.48336594911937 0.04023845007451526
2.48336594911937 0.043219076005961386
2.48336594911937 0.043219076005961386
2.48336594911937 0.044776119402985516
2.48336594911937 0.047619047619047984
2.48336594911937 0.047619047619047984
2.48336594911937 0.05216095380029764
2.48336594911937 0.05216095380029764
2.48336594911937 0.05373134328358197
2.48336594911937 0.05530642750373712
2.48336594911937 0.05829596412556139
2.48336594911937 0.05812220566319002
2.48336594911937 0.0597014925373145
2.48336594911937 0.0597014925373145
2.48336594911937 0.0597014925373145
2.48336594911937 0.06268656716417928
2.48336594911937 0.05934718100890161
2.48336594911937 0.059171597633136445
2.48336594911937 0.059171597633136445
2.48336594911937 0.06408345752608016
2.48336594911937 0.061102831594635525
2.48336594911937 0.06038291605301898
2.48336594911937 0.06038291605301898
2.48336594911937 0.05497771173848462
2.48336594911937 0.05185185185185145
2.48336594911937 0.053412462908011715
2.48336594911937 0.05185185185185145
2.48336594911937 0.05029585798816574
2.48336594911937 0.05309734513274399
2.48336594911937 0.051546391752577636
2.48336594911937 0.049853372434017655
2.48336594911937 0.04552129221732741
2.48336594911937 0.04270986745213489
2.48336594911937 0.04270986745213489
2.48336594911937 0.039647577092510565
2.48336594911937 0.036710719530102534
2.48336594911937 0.035294117647058997
2.48336594911937 0.035502958579881866
2.48336594911937 0.03244837758112055
2.48336594911937 0.031019202363367186
2.48336594911937 0.02958579881656708
2.48336594911937 0.02806499261447512
2.48336594911937 0.025185185185185605
2.48336594911937 0.02380952380952389
2.48336594911937 0.020771513353115206
2.48336594911937 0.019202363367799104
2.48336594911937 0.016296296296296503
2.48336594911937 0.01479289940828468
2.48336594911937 0.011799410029498589
2.48336594911937 0.008823529411764989
2.48336594911937 0.0044052863436124775
2.48336594911937 0.0014727540500731962
2.48336594911937 -0.0029325513196486784
2.48336594911937 -0.007320644216691131
2.48336594911937 -0.010279001468428625
2.48336594911937 -0.014619883040935594
2.48336594911937 -0.019145802650956615
2.48336594911937 -0.02352941176470601
2.48336594911937 -0.02352941176470601
2.48336594911937 -0.027982326951398594
2.48336594911937 -0.03235294117647093
2.48336594911937 -0.03529411764705968
2.48336594911937 -0.03812316715542523
2.48336594911937 -0.042584434654919436
2.48336594911937 -0.048458149779735525
2.48336594911937 -0.05139500734214426
2.48336594911937 -0.05449189985272395
2.55381604696673 -0.04424778761061987
2.62426614481409 -0.03529411764705835
2.62426614481409 -0.03692762186115193
2.62426614481409 -0.03692762186115193
2.62426614481409 -0.03377386196769455
2.62426614481409 -0.03377386196769455
2.62426614481409 -0.03377386196769455
2.62426614481409 -0.035398230088494985
2.62426614481409 -0.03508771929824655
2.62426614481409 -0.03367496339677957
2.62426614481409 -0.035190615835777324
2.62426614481409 -0.03508771929824655
2.62426614481409 -0.03508771929824655
2.62426614481409 -0.03367496339677957
2.62426614481409 -0.035190615835777324
2.62426614481409 -0.03367496339677957
2.62426614481409 -0.03377386196769455
2.62426614481409 -0.032352941176470223
2.62426614481409 -0.030927835051546455
2.62426614481409 -0.032352941176470223
2.62426614481409 -0.029498525073746805
2.62426614481409 -0.030927835051546455
2.62426614481409 -0.029673590504450738
2.62426614481409 -0.02503681885125227
2.62426614481409 -0.027818448023425552
2.62426614481409 -0.02932551319648073
2.62426614481409 -0.02790014684287834
2.62426614481409 -0.02932551319648073
2.62426614481409 -0.026470588235294763
2.62426614481409 -0.027982326951399312
2.62426614481409 -0.026470588235294763
2.62426614481409 -0.02511078286558308
2.62426614481409 -0.02511078286558308
2.62426614481409 -0.02215657311669039
2.62426614481409 -0.019202363367799104
2.62426614481409 -0.016248153618907822
2.62426614481409 -0.016248153618907822
2.62426614481409 -0.013254786450663022
2.62426614481409 -0.013254786450663022
2.62426614481409 -0.011764705882352997
2.62426614481409 -0.008823529411764989
2.62426614481409 -0.008823529411764989
2.62426614481409 -0.0058651026392966205
2.62426614481409 -0.004418262150221053
2.62426614481409 -0.004418262150221053
2.62426614481409 -0.0014771048744456415
2.62426614481409 7.385282392210659e-16
2.62426614481409 0.002949852507375218
2.62426614481409 0.004444444444444583
2.62426614481409 0.005917159763313304
2.62426614481409 0.007385524372229682
2.62426614481409 0.008875739644969896
2.62426614481409 0.010370370370370216
2.62426614481409 0.01183431952662729
2.62426614481409 0.01479289940828468
2.62426614481409 0.01479289940828468
2.62426614481409 0.0162962962962965
2.62426614481409 0.017804154302670374
2.62426614481409 0.019202363367798316
2.62426614481409 0.020833333333333686
2.62426614481409 0.02366863905325384
2.62426614481409 0.02670623145400518
2.62426614481409 0.031111111111111162
2.62426614481409 0.03264094955489657
2.62426614481409 0.031111111111111162
2.62426614481409 0.0341753343239234
2.62426614481409 0.03560830860534148
2.60665362035225 0.03560830860534148
2.60665362035225 0.037147102526002736
2.60665362035225 0.04000000000000034
2.60665362035225 0.04154302670623217
2.60665362035225 0.04309063893016362
2.60665362035225 0.04296296296296324
2.60665362035225 0.04464285714285678
2.60665362035225 0.04142011834319517
2.60665362035225 0.04309063893016362
2.60665362035225 0.04309063893016362
2.60665362035225 0.04296296296296324
2.60665362035225 0.04309063893016362
2.60665362035225 0.044510385756676304
2.60665362035225 0.044510385756676304
2.60665362035225 0.04592592592592589
2.60665362035225 0.04309063893016362
2.60665362035225 0.0457902511078295
2.60665362035225 0.04747774480712109
2.60665362035225 0.04888888888888866
2.60665362035225 0.04903417533432373
2.60665362035225 0.04903417533432373
2.60665362035225 0.04903417533432373
2.60665362035225 0.04918032786885293
