0.195589954844832
0.0282799464087324
0.0282799464087324
0.0142483965980576
0.106141847934181
0.106141847934181
0.247042043628881
0.00605708170929765
0.00315829932097457
0.00169442707512991
0.000309141604336469
0.000309141604336469
0.00195881576478883
0.00357036773581108
0.00682805028483778
0.00770868889473207
0.00770868889473207
0.0083434649241486
0.0085042971569088
0.00828494504685261
0.00779845533724242
0.00722705316123538
0.00528203157447536
0.00513021297845172
0.00418483124881562
0.00244862512712772
0.00186203858095767
0.00186203858095767
0.00114585208624761
0.001005118172953
0.001005118172953
0.001005118172953
0.000904188605301934
0.000904188605301934
0.000819564518428004
0.000685346779362925
0.000489149681497034
0.000275419256652407
5.44968119054884e-05
0.000164538351166491
0.000164538351166491
0.00035406120973426
0.00035406120973426
0.00054495934957223
0.000728777368538394
0.000963199174210408
0.00126204345422599
0.00126204345422599
0.00163335720776416
0.00207374492509728
0.00299593244857412
0.00351573890243308
0.00351736314315011
0.00308775515319261
0.00344324439400302
0.00244496285258967
0.000288673556858035
0.000967191124219377
0.00231621554835258
0.00353399537399
0.00353399537399
0.00488551908551536
0.00481484147051923
0.00477632437413399
0.0041742995089674
0.00276631335088916
0.14155788717631
0.106141847934181
0.106141847934181
0.029080611059655
0.0218599743898107
0.00473941706834505
0.0780429610993302
0.00257752992742653
0.000657691481609754
0.00038726633722562
0.00232868540159038
0.00727685903099874
0.000918168310590425
0.00135364348344282
0.00419604806437802
0.00419604806437802
0.00419604806437802
0.00419604806437802
0.00663173824433229
0.00663173824433229
0.00887578910813004
0.00887578910813004
0.00863351327622509
0.00863351327622509
0.00863351327622509
0.00863351327622509
0.00135364348344282
0.000918168310590425
0.000918168310590425
0.000918168310590425
0.0889807906202904
0.00980888162735741
0.0161950412304784
0.071093057860072
0.000288673556858035
0.00143131538727416
0.00344324439400302
0.00344324439400302
0.00351884609345134
0.00299593244857412
0.00254626010148619
0.0025492883727093
0.00163071804925642
0.00163071804925642
0.00125776598287287
0.00126204345422599
0.000734071751726253
0.000539164938873418
0.000164538351166491
0.000164538351166491
5.44968119054884e-05
0.000502505918095517
0.000696992980205743
0.000696992980205743
0.000904188605301934
0.001005118172953
0.001005118172953
0.00114585208624761
0.00186203858095767
0.00330463271032998
0.00418483124881562
0.00418483124881562
0.00709113939760507
0.00790435792248943
0.00839985866370939
0.00849852399788596
0.00754825950787429
0.00659667061825751
0.00659667061825751
0.0015584799449183
9.95207667816717e-05
0.00208845086017674
0.00208845086017674
0.00476079934918729
0.00208845086017674
0.00208845086017674
0.00387183483745303
0.00605708170929765
0.00506685333226144
0.000918168310590425
0.000918168310590425
0.00294521868286567
0.00294521868286567
0.00116872193917104
0.0207269974003543
0.00133526873312184
0.000394235915017083
0.000181790309019769
0.00110811430669266
0.00110811430669266
0.00189447399041698
0.00189447399041698
0.00189447399041698
0.00407821267328523
0.00189447399041698
0.00271008044047982
0.00271008044047982
0.00271008044047982
0.00271008044047982
0.00271008044047982
0.000181790309019769
0.000543376204282131
0.000939280269557363
0.000939280269557363
0.000939280269557363
0.00119301599096544
0.0012406604656261
0.00130877186221645
0.00132222812242566
0.00123622328579009
0.00123622328579009
0.00114092722755799
0.00110332177647599
0.00110332177647599
0.00127157665758104
0.00143828927195933
0.00163416317443832
0.00163416317443832
0.00202187357433004
0.00202187357433004
0.00213036020275026
0.00204268730015555
0.00190823493138104
0.00172162996196668
0.0161372245183922
0.00540347103622779
0.0054779385425065
0.0054779385425065
0.00482270656850731
0.00427785861622326
0.000200918208173639
0.00212729521958571
0.00301182558069996
0.00385141793261951
0.00332947325972227
0.00377225719837931
0.00377225719837931
0.00610796243002171
0.00653868166473942
0.00560158507185066
0.00426992859337511
0.00263443815074255
0.00271864294451901
0.00456101714888951
0.0303891734072795
0.00311447293845434
0.00427141772373006
0.00484698677045402
0.00484698677045402
0.00484698677045402
0.040072035694154
0.0047798776723858
0.00592429566008718
0.0182729718760427
0.0182729718760427
0.0382496189868038
0.0536023942390663
0.0117689165247941
0.00809238350061597
0.0117689165247941
0.0182729718760427
0.0085051462100359
0.0048346349222686
0.00462807035767049
0.0048346349222686
0.0048346349222686
0.00462807035767049
0.00462807035767049
0.00475660467316202
0.00475660467316202
0.00475660467316202
0.00475660467316202
0.00475660467316202
0.00483989007475066
0.030468444250538
0.00486492193006748
0.00439374584579576
0.00222693686627871
0.000967191124219377
0.000360472534970305
0.00148651493651676
0.00344996579682046
0.00344996579682046
0.00299068273436943
0.00299068273436943
0.00207374492510083
0.00163596565629333
0.00126204345422599
0.000734071751726253
0.00054495934957223
0.000173542368083437
0.000173542368083437
0.000475840466108587
0.000819564518428004
0.000819564518428004
0.000937556986142604
0.000958018524082158
0.000958018524082158
0.00114585208624761
0.00139777898830894
0.00244862512712772
0.00330463271032998
0.00330463271032998
0.00432554625588076
0.00528203157447536
0.00722705316123538
0.00800400047623527
0.0084426862445298
0.00847999092968942
0.00847999092968942
0.00847999092968942
0.00807954969062195
0.00634875486400653
0.00737122578200876
0.00737122578200876
0.00319841642693817
0.00319841642693817
0.00319841642693817
0.000510019784135798
0.00247808582093646
0.00506685333226144
0.00421496919706356
0.0289208828278052
0.00483989007475066
0.00271864294451901
0.00394465535485927
0.00271864294451901
0.00271864294451901
0.155794077212081
0.00771947437269156
0.00981909959953903
0.00981909959953903
0.0113208344250881
0.0125770692918805
0.0125770692918805
0.0125770692918805
0.0138271171010937
0.0138271171010937
0.0138271171010937
0.0138271171010937
0.0149092940414994
0.0149092940414994
0.0149092940414994
0.0149092940414994
0.0149092940414994
0.0149092940414994
0.0149092940414994
0.0149092940414994
0.0149092940414994
0.0149092940414994
0.0138271171010937
0.0138271171010937
0.0140417815080726
0.0128326065350505
0.0128326065350505
0.0128326065350505
0.0113208344250881
0.00981909959953903
0.00981909959953903
0.00981909959953903
0.00981909959953903
0.00809641965119341
0.00809641965119341
0.00582204220490063
0.00582204220490063
0.00582204220490063
0.00347921457531925
0.000275877818716234
0.000275877818716234
0.00218434195777788
0.00218434195777788
0.00218434195777788
0.00355605814014531
0.00562685159609849
0.00605058620046655
0.00589494264318318
0.00605058620046655
0.00393382754483667
0.00308461202516113
0.00228367961289293
0.00103718934175184
0.000608378591735952
0.0001838129208847
0.0010920097341311
0.0010920097341311
0.00229739773939514
0.00292854291891182
0.00350658620682105
0.127204133320788
0.00353399537399
0.00231621554835258
0.00105234964949084
0.000288673556858035
0.0341726992742092
0.0694890096074302
0.0147549132723115
0.00406894480893833
0.00406894480893833
0.00236650850975501
0.00236650850975857
0.00234502275220145
0.00112126879371339
0.00112126879371339
0.000231541652539628
0.000231541652539628
0.016038646138954
0.00483351180589501
0.00483351180589501
0.00483351180589501
0.00876936187850844
0.00876936187850844
0.00876936187850844
0.0101300661745113
0.0104596052699257
0.0101300661745113
0.0104596052699257
0.0104596052699257
0.0104596052699257
0.0599904925773743
0.000515964618949288
0.00149258752892675
0.00149258752892675
0.00149258752892675
0.00192687776466291
0.00192687776466291
0.001470377247169
0.000397873428018419
2.20245961085885e-05
0.000293139396318504
0.0349319095273215
0.000195908161641395
0.000195908161641395
0.000217239432574562
0.000217239432574562
0.000558121841923271
0.000558121841923271
0.000558121841923271
0.000426744139648822
0.00101464935397622
0.000414585788993232
0.00101464935397622
0.0511974708651342
0.000580205985326425
0.00103718934173585
0.00107397416444726
0.00107397416444726
0.00228367961289293
0.0024072273618097
0.00393382754483667
0.00393382754483667
0.00538771807674237
0.00538771807674237
0.00538771807674237
0.00585215079013906
0.00562685159609849
0.00562685159609849
0.00562685159609849
0.00375068054012267
0.00243042349379557
0.00243042349379557
0.00120745607182422
0.00120745607182422
0.00347921457531925
0.00347921457531925
0.00582204220490063
0.00771947437269156
0.0253319988345916
0.0104596052699257
0.0104596052699257
0.0104596052699257
0.0093553906564913
0.0093553906564913
0.0280721297318256
0.0138271171010937
0.0149092940414994
0.0149092940414994
0.0161377941536993
0.0161377941536993
0.0161377941536993
0.0161377941536993
0.0161377941536993
0.0175337959149657
0.0175337959149657
0.0175337959149657
0.02034081222734
0.0196144003867462
0.0237866820439616
0.0237866820439616
0.00617415758216157
0.0237810617398596
0.0237810617398596
0.0237810617398596
0.0237810617398596
0.0237810617398596
0.0237810617398596
0.0237810617398596
0.0237810617398596
0.0237810617398596
0.0240703840887099
0.0237810617398596
0.0237810617398596
0.0237810617398596
0.0220280600667421
0.0240703840887099
0.0220280600667421
0.0220280600667421
0.0162643073973575
0.0162643073973575
0.0162643073973575
0.0162643073973575
0.0162643073973575
0.0122968544172212
0.0122968544172212
0.00936369895867327
0.00638610684663608
0.00936369895867327
0.00686699226578168
0.00936369895867327
0.0042726961135534
0.0042726961135534
0.00261897571380186
0.00261897571380186
0.002529848796455
0.00280966025772909
0.00280966025772909
0.0044758979466769
0.0044758979466769
0.00478632552094337
0.00487681866531507
0.00466641056379889
0.00420388412921523
0.00241443594433531
0.0327009695668502
0.0104596052699257
0.0107075373464819
0.0104596052699257
0.0107075373464819
0.0107075373464819
0.0459325862701819
0.00144439878053025
0.000433642575904072
0.00108215212716213
0.00108215212716213
0.00173080526436688
0.00173080526436688
0.00173080526436688
0.00152107843504314
0.00159515022868763
0.00184656446704191
0.00218853044484336
0.00218853044484336
0.00254729106423514
0.00278871122156533
0.00245811492917393
0.00176247214058502
0.000744975673226192
0.00156869261414326
0.00242768221048505
0.002804267164065
0.0025024071729197
0.00155240360291363
0.0025024071729197
0.0327226417507803
0.0100719129228128
0.0107075373464819
0.00876936187850844
0.00688637037832677
0.00688637037832677
0.00688637037832677
0.00475091237364636
0.00475091237364636
0.0026786720650768
0.0026786720650768
0.000855963969463937
0.000855963969463937
0.00274736265774863
0.0020272386946499
0.00300719976417171
0.00285974439502298
0.00238127170694832
0.00237327152098218
0.00164516839726944
0.000227454195007502
0.000227454195007502
0.00120448758879546
0.00312513437730991
0.00475128603399525
0.00479983975724877
0.00613649567471867
0.00613649567471867
0.00676074556789344
0.00790652813400242
0.00790652813400242
0.00796481889568482
0.0078117636742813
0.00670951818239366
0.0059047162864995
0.00476972823737035
0.00362129188635755
0.000686668665995347
0.00234277608468672
0.00115353863121656
0.0028428227972502
0.00464335408095104
0.00464335408095104
0.00695474063184073
0.00695474063184073
0.00862855798318179
0.00981909959953903
0.0116223377322106
0.00477991792674946
0.00155240360291363
9.23082515035117e-05
0.00171778118941236
0.00325722933302987
0.00183130441555281
0.0016050220348779
0.0130432682984699
0.0122968544172212
0.0193797316663554
0.0225958964316378
0.0225958964316378
0.0240703840887099
0.0240703840887099
0.0237810617398596
0.0237810617398596
0.0212924892219585
0.0163862635519939
0.00584570712566777
0.0100990036419665
0.0100990036419665
0.0100990036419665
0.0100990036419665
0.0100990036419665
0.0100990036419665
0.0260834897192263
0.0260834897192263
0.0260834897192263
0.0524805072453661
0.0524805072453661
0.0524805072453661
0.0524805072453661
0.0524805072453661
0.0852202047307985
0.0852202047307985
0.0524805072453661
0.0524805072453661
0.0524805072453661
0.0319581936963912
0.0524805072453661
0.0524805072453661
0.0319581936963912
0.0100990036419665
0.0100990036419665
0.0100990036419665
0.00261692316286198
0.0100990036419665
0.0121704806528525
0.0212924892219585
0.0237810617398596
0.0237810617398596
0.0242391219827708
0.0225958964316378
0.0201163931009139
0.0201163931009139
0.0130432682984699
0.00686699226578168
0.00269200070849128
0.00269200070849128
0.00273983834233481
0.00328337139655464
0.00433802932304293
0.00475158290633058
0.00487905371357354
0.00420388412921523
0.049329501519044
0.0530392019595324
0.0016050220348779
0.0016050220348779
0.0016050220348779
9.23082515035117e-05
9.23082515035117e-05
0.0512851697826064
0.000196250497144369
0.00014777592850853
0.000495322108013362
0.000593739179142481
0.000904600738059834
0.000904600738059834
0.00138302031570822
0.00138302031570822
0.00150368916926643
0.00119557811833223
0.000944001231750612
0.000904600738059834
0.000904600738059834
0.00119557811833223
0.00119557811833223
0.00119557811833223
0.00119557811833223
0.000641063133012786
0.000944001231750612
0.000641063133012786
0.000981879844157284
0.00125047505636407
0.00140144242574832
0.0543603041702157
9.23082515035117e-05
9.23082515035117e-05
0.0025024071729197
0.00161692838363213
0.00242768221048505
0.00242768221048505
0.00242768221048505
0.00242768221048505
0.00242768221048505
0.000409871980320817
0.00154169307550998
0.000409871980320817
0.000409871980320817
0.000409871980320817
0.000409871980320817
0.00245811492917215
0.00245811492917215
0.00278772055845113
0.00255341182221026
0.00255341182221026
0.00219808074048568
0.0018665202425895
0.00160211499878694
0.00184656446704191
0.00151714969157392
0.00162383365116926
0.00162383365116926
0.00155605007369476
0.00112851616250555
0.00112851616250555
0.000503194485430028
0.000396699451944302
0.00241443594433531
0.00412563547178611
0.00412563547178611
0.00466641056379889
0.00478632552094337
0.00478632552094337
0.00392094138749553
0.00337701284649992
0.00337701284649992
0.00280966025772909
0.00261897571380186
0.00261897571380186
0.00336032879672442
0.00458107773085513
0.00638610684663608
0.0397943050870501
0.00141861270004048
0.00141861270004048
0.00152273078469575
0.00141861270004048
0.00141861270004048
0.00141861270004048
0.00250129133798952
0.00250129133798952
0.00292048955646133
0.0327237575857305
0.0138271171010937
0.0138271171010937
0.0138271171010937
0.0138271171010937
0.0125770692918805
0.0138271171010937
0.0490521660248137
0.00292048955646133
0.00292048955646133
0.00250129133798952
0.00250129133798952
0.00250129133798952
0.032064731091277
0.0116223377322106
0.0116223377322106
0.00981909959953903
0.00981909959953903
0.00771947437269156
0.00809641965119341
0.00771947437269156
0.00582204220490063
0.00347921457531925
0.00582204220490063
0.00582204220490063
0.00582204220490063
0.00582204220490063
0.00582204220490063
0.00347921457531925
0.00120745607182422
0.00347921457531925
0.00154922928798257
0.000275877818716234
0.000275877818716234
0.000275877818716234
0.000275877818716234
0.000275877818716234
0.000275877818716234
0.000275877818716234
0.000275877818716234
0.00218434195777788
0.000275877818716234
0.00218434195777788
0.000275877818716234
0.00218434195777788
0.000275877818716234
0.00218434195777788
0.00492941420119535
0.00492941420119535
0.00492941420119535
0.00492941420119535
0.00492941420119535
0.00492941420119535
0.00492941420119535
0.00492941420119535
0.0302956347225246
0.00141861270004048
0.00125047505636407
0.00125047505636407
0.00141861270004048
0.00125047505636407
0.0366436616237605
0.00492941420119535
0.00492941420119535
0.00492941420119535
0.00605058620046655
0.00607508951376672
0.00609427714568738
0.00609427714568738
0.00609427714568738
0.00605058620046655
0.00605058620046655
0.00605058620046655
0.00605058620046655
0.00605058620046655
0.00605058620046655
0.00605058620046655
0.00605058620046655
0.00605058620046655
0.00605058620046655
0.00605058620046655
0.00605058620046655
0.00605058620046655
0.00605058620046655
0.006107236438393
0.0291744627232534
0.00141861270004048
0.00152273078469575
0.00152273078469575
0.00152273078469575
0.00140144242574832
0.00152273078469575
0.00119557811833223
0.00119557811833223
0.00125047505636407
0.000944001231750612
0.000641063133012786
0.000944001231750612
0.000944001231750612
0.000307019632116955
0.000307019632116955
8.8174849129409e-05
0.000702466325937103
0.000702466325937103
0.000702466325937103
0.000702466325937103
0.000702466325937103
0.000702466325937103
0.000702466325937103
0.000702466325937103
0.000990616086027053
0.000702466325937103
0.000990616086027053
0.00122842434414198
0.00122842434414198
0.00122842434414198
0.00122842434414198
0.00143656603279455
0.00140302108331684
0.00157383083041533
0.00161044301351036
0.00180639071325987
0.00180639071325987
0.00161044301351036
0.00180639071325987
0.00216816081846775
0.00216816081846775
0.00250129133798952
0.00292048955646133
0.00216816081846775
0.00216816081846775
0.00216816081846775
0.00216816081846775
0.0327237575857305
0.00605058620046655
0.00609427714568738
0.00585215079013906
0.00585215079013906
0.00538771807674237
0.00609427714568738
0.00301341949259153
0.00385606264533727
0.00301341949259153
0.00385606264533727
0.00385606264533727
0.00385606264533727
0.00385606264533727
0.00532239005223416
0.00580660903387602
0.00580660903387602
0.00580660903387602
0.00580660903387602
0.00609427714568738
0.00605058620046655
0.00605058620046655
0.00570216328839784
0.00570216328839784
0.00570216328839784
0.00411115183035143
0.000872287693831235
0.000872287693831235
0.00120745607182422
0.0031102501333708
0.0031102501333708
0.0031102501333708
0.0031102501333708
0.00543702283809239
0.0110114802051142
0.00946954884779267
0.0110114802051142
0.0125770692918805
0.0125770692918805
0.0125770692918805
0.0125770692918805
0.0125770692918805
0.0125770692918805
0.0125770692918805
0.0136082986841006
0.0136082986841006
0.0149092940414994
0.0136082986841006
0.0136082986841006
0.0158561695208105
0.0158561695208105
0.0136082986841006
0.0110114802051142
0.0031102501333708
0.0031102501333708
0.000874274624833977
0.00243042349379557
0.00266652050240217
0.00492941420119535
0.00570216328839784
0.00605058620046655
0.00605058620046655
0.00585215079013906
0.00467738669452849
0.00467738669452849
0.00385606264533727
0.00315705803297433
0.00467738669452849
0.00538771807674237
0.00467738669452849
0.00467738669452849
0.00467738669452849
0.00467738669452849
0.00234474655689048
0.0016307395885105
0.00103718934173585
0.00107397416444726
0.000580205985326425
0.000161370956411271
0.000161370956411271
0.00064048641010523
0.00064048641010523
0.00111213559630969
0.00111213559630969
0.00111213559630969
0.00166377715976602
0.00166377715976602
0.00166377715976602
0.00229739773939514
0.00350001476027501
0.00350001476027501
0.00391646208788771
0.00406894480893833
0.00406894480893833
0.00406894480893833
0.00406894480893833
0.00387985929811258
0.00467738669452849
0.00467738669452849
0.00467738669452849
0.00467738669452849
0.00385606264533727
0.00301341949259153
0.00228367961289293
0.00228367961289293
0.00228367961289293
0.00228367961289293
0.00228367961289293
0.00228367961289293
0.0016307395885105
0.0016307395885105
0.00103718934173585
0.0016307395885105
0.000580205985326425
0.000580205985326425
0.000580205985326425
0.000580205985326425
0.000580205985326425
0.000580205985326425
0.000580205985326425
0.000580205985326425
0.000580205985326425
0.000580205985326425
0.000580205985326425
0.000580205985326425
0.000161370956411271
0.000161370956411271
0.000580205985326425
0.000161370956411271
0.000580205985326425
0.000161370956411271
0.000161370956411271
0.000580205985326425
0.000580205985326425
0.000580205985326425
0.000580205985326425
0.000580205985326425
0.00107397416444726
0.00103718934173585
0.00103718934173585
0.00103718934173585
0.00158288604174444
0.00158288604174444
0.00308461202516113
0.00222400805891048
0.00331230269933819
0.00238761144403683
0.00238761144403683
0.00238761144403683
0.0015267141217739
0.0015267141217739
0.00229739773939514
0.00229739773939514
0.00166377715976602
0.00111213559630969
0.000620557494732173
0.00111213559630969
0.000194415112511455
0.00064048641010523
0.000214708428259276
0.000214708428259276
0.000161370956411271
0.000580205985326425
0.000580205985326425
0.00107397416444726
0.00107397416444726
0.00228367961289293
0.00228367961289293
0.00228367961289293
0.00228367961289293
0.00308461202516113
0.00385606264533727
0.00385606264533727
0.00467738669452849
0.0230002425385424
0.00330782306783971
0.00330782306783971
0.00404463464225611
0.00404463464225611
0.00404463464225611
0.00461812576207753
0.00461812576207753
0.0048561683302749
0.0048561683302749
0.00483898361319267
0.00483898361319267
0.00453750685959041
0.0136036373645285
0.00243042349379557
0.00120745607182422
0.00120745607182422
0.00120745607182422
0.00347921457531925
0.0317458343482808
0.0167968938731515
0.0520219427969515
0.030962893866314
0.030962893866314
0.030962893866314
0.030962893866314
0.0272885031709161
0.0272885031709161
0.0272885031709161
0.0197214903999115
0.0197214903999115
0.0197214903999115
0.0197214903999115
0.0162118748201472
0.0162118748201472
0.0162118748201472
0.0866619726675472
0.0015267141217739
0.0015267141217739
0.0015267141217739
0.0015267141217739
0.00320153241187398
0.0736848255168993
0.0128558285268081
0.0128558285268081
0.0123913157617795
0.00933766317766963
0.00933766317766963
0.00658626874916293
0.00658626874916293
0.00933766317766963
0.00933766317766963
0.00933766317766963
0.00388937372424272
0.0016362399095913
0.0016362399095913
0.0016362399095913
0.0016362399095913
0.0016362399095913
4.74737038524686e-05
0.00185018473841939
0.00157590739537025
0.00157590739537025
0.00157590739537025
0.00157590739537025
0.0026852563297188
0.0668355760145282
0.00320153241187398
0.00320153241187398
0.0032499882167874
0.00268358878270063
0.00323472766949933
0.00268358878270063
0.00166856072883142
0.00166856072883142
0.00166856072883142
0.00030651172022949
0.00158113868101722
0.00030651172022949
0.00030651172022949
0.00030651172022949
0.00030651172022949
0.00030651172022949
0.00030651172022949
0.00158113868101722
0.00158113868101722
0.00158113868101722
0.00268358878270063
0.00268358878270063
0.00323472766949933
0.00323472766949933
0.00323472766949933
0.00323472766949933
0.00323472766949933
0.00320153241187398
0.00256769876064538
0.00157387832294602
0.0015267141217739
0.000231541652539628
0.000231541652539628
0.000231541652539628
0.00115543015592174
0.00115543015592174
0.0199790329716586
0.000855963969463937
0.0020272386946499
0.00203943012373217
0.00274423429205236
0.00300719976417171
0.014752780066877
0.00406894480893833
0.00406894480893833
0.00391646208788771
0.00350001476027501
0.0681527001080049
0.003550876015149
0.00421251081608173
0.00421251081608173
0.00421251081608173
0.00421251081608173
0.0834185344419326
0.00608749206706164
0.00671350449444389
0.00613649567471867
0.00671350449444389
0.00475128603399525
0.00608749206706164
0.00608749206706164
0.00608749206706164
0.00608749206706164
0.00544767833155993
0.00544767833155993
0.00613649567471867
0.00613649567471867
0.00671350449444389
0.00676074556789344
0.00764040775194622
0.00676074556789344
0.00764040775194622
0.00764040775194622
0.00764040775194622
0.00764040775194622
0.00764040775194622
0.00797180429347214
0.00797180429347214
0.00797180429347214
0.00784140472821441
0.00784140472821441
0.00784140472821441
0.00751252881505763
0.00784140472821441
0.00784140472821441
0.00751252881505763
0.00689811222236783
0.00689811222236783
0.00689811222236783
0.00689811222236783
0.00603211940104301
0.00615428082597083
0.00615428082597083
0.00615428082597083
0.00615428082597083
0.00603211940104301
0.00509017524556113
0.00509017524556113
0.00493277667040096
0.00256437724293149
0.00256437724293149
0.00256437724293149
0.00256437724293149
0.00400037210398444
0.00400037210398444
0.00400037210398444
0.00400037210398444
0.00603211940104301
0.00603211940104301
0.00400037210398444
0.00400037210398444
0.00400037210398444
0.00400037210398444
0.0920629944132844
0.00421251081608173
0.00421251081608173
0.00457694503612413
0.00464408786736745
0.00446414934775327
0.0835984729615467
0.00603211940104301
0.00627131813227236
0.00603211940104301
0.00698523140024135
0.00751252881505763
0.00689811222236783
0.00751252881505763
0.00751252881505763
0.00751252881505763
0.00745496916251823
0.00745496916251823
0.00786764216227978
0.00745496916251823
0.00797180429347214
0.00788901929790234
0.00797180429347214
0.00797180429347214
0.00786981303542681
0.00757320733765879
0.00757320733765879
0.00721202721225992
0.00666630559054041
0.00666630559054041
0.0947289278998404
0.00401558064468596
0.00401558064468596
0.00401558064468596
0.00336798951387249
0.00263670075663211
0.00339957530979082
0.00266667122476069
0.00187790073548297
0.00266667122476069
0.00266667122476069
0.00187790073548297
0.00266667122476069
0.00185381254463832
0.00260707699906956
0.00185381254463832
0.08691611194695
0.00219099284244343
0.00219099284244343
0.00219099284244343
0.00120448758879546
0.00120448758879546
0.00120448758879546
0.00124260713860372
0.00219099284244343
0.00120448758879546
0.00120448758879546
0.000195630537721234
0.000227454195007502
0.000227454195007502
0.00120448758879546
0.00120448758879546
0.00120448758879546
0.00124260713860372
0.00120448758879546
0.00124260713860372
0.00124260713860372
0.00120448758879546
0.00124260713860372
0.00219099284244343
0.00307992419535799
0.00475128603399525
0.00475128603399525
0.00544767833155993
0.00539886529339909
0.00544767833155993
0.00608749206706164
0.00608749206706164
0.00608749206706164
0.00603875530948975
0.00603875530948975
0.00603875530948975
0.00603875530948975
0.00539886529342573
0.0842083673293313
0.00143417531951723
0.00143417531951723
0.00143417531951723
0.0018259421368278
0.00200185612146914
0.00186438610144219
0.00132224333936865
0.00132224333936865
0.00132224333936865
0.000373405009935053
0.000373405009935053
0.000743045000154256
0.000743045000154256
0.00202992341925206
0.00202992341925206
0.00380384109430981
0.00380384109430981
0.00506882231125299
0.00526278451303024
0.00526278451303024
0.00626666675357828
0.00713881107298913
0.00665135542625311
0.00665135542625311
0.00665135542625311
0.00511668859868802
0.0038228754762169
0.0038228754762169
0.00129387887649873
0.0075196882330339
0.0075196882330339
0.0075196882330339
0.0075196882330339
0.0075196882330339
0.0075196882330339
0.0112578525669779
0.0104982462166831
0.0075196882330339
0.00419922588964244
0.00567383200339005
0.00665135542625311
0.00692283909500407
0.00692283909500407
0.00626666675357828
0.00626666675357828
0.00626666675357828
0.00506882231125299
0.00380384109430981
0.00244093917791015
0.001781064344835
0.00188522607319403
0.0014813758981202
0.000350317218160652
0.000199748170458806
0.000199748170458806
0.000892905307595941
0.000892905307595941
0.000642010240342432
0.000192071086674121
0.0526455022988659
0.00220627923321338
0.000977590069337847
0.000977590069337847
0.000356578213871256
0.00038524323559464
0.0527169755674169
0.000249800156728992
0.000451870364253933
0.000249800156728992
0.000655294656914447
0.00103305504132973
0.00103305504132973
0.00103305504132973
0.00103305504132973
0.00115855699518481
0.00115855699518481
0.000612867964415682
0.00117449170629986
0.000612867964415682
0.000112029066115897
0.000612867964415682
0.000112029066115897
0.00113983197658345
0.0025568429368899
0.0025568429368899
0.0025568429368899
0.0025568429368899
0.0025568429368899
0.0025568429368899
0.0502807304486501
0.00038524323559464
0.00038524323559464
0.000101850224361261
0.00038524323559464
0.00038524323559464
0.00012059781812312
0.000444135804134266
0.000444135804134266
0.000558121841923271
0.000478011916913207
0.000478011916913207
0.000558121841923271
0.000558121841923271
0.000558121841923271
0.000558121841923271
0.000223919311633342
0.000482515080138629
0.0526269852137058
3.91597733355245e-05
0.000192071086674121
0.000192071086674121
0.000192071086674121
0.000192071086674121
0.000192071086674121
0.000192071086674121
0.000192071086674121
0.000192071086674121
0.000642010240342432
0.000651166036746136
0.000433346332117383
0.000651166036746136
0.000660335277028738
0.000817936865539041
0.000817936865539041
0.00082455994475477
0.000892905307595941
0.000892905307595941
0.000818035491833728
0.000585159496386427
0.000585159496386427
0.000585159496386427
0.000585159496386427
0.00030282078312855
0.00030282078312855
0.00030282078312855
0.00030282078312855
0.00030282078312855
0.00143417531951723
0.0025568429368899
0.00428346782441973
0.00806948187535777
0.0112652035886334
0.0112652035886334
0.023120041764222
0.00607559220577589
0.00678144801482969
0.00695042101778473
0.00695042101778473
0.00713809012623732
0.00486697371576459
0.0027496747661385
5.54423664923288e-05
5.54423664923288e-05
0.0023467146139843
0.00891635912999891
0.00891635912999891
0.00891635912999891
0.0112991408289879
0.0112991408289879
0.0157205561021342
0.0366511157810173
0.015549823096784
0.015549823096784
0.0148007613244697
0.0215726674260303
0.0148007613244697
0.0215726674260303
0.0270407121995756
0.0205655255707459
0.0233266910607458
0.0260491254295129
0.0253983126722893
0.0270407121995756
0.0270407121995756
0.118254433389857
0.117003064149135
0.136943901173018
0.173347988927417
0.173347988927417
0.122109641603224
0.0977956607384579
0.0263761608790022
0.0263761608790022
0.0157497467677234
0.0157497467677234
0.00634248378869865
0.00634248378869865
0.00329408316723582
0.0041421157949794
0.00278695590614812
0.00207165511881572
0.00207165511881572
0.00435403098970847
0.00154095139045177
0.00136611591486139
0.00114541103960756
0.00114541103960756
0.000565681502756966
0.000250461395970326
9.32520526622724e-05
0.000545145965440717
0.00113462329092447
0.00136329226861894
0.0689573464709095
0.012105007159478
0.012105007159478
0.0116293591823609
0.012105007159478
0.00965188703676172
0.0607982108106183
0.00158463521349658
0.0015522802555766
0.0015522802555766
0.0014726707137965
0.00134990710237778
0.000417226613177966
0.000667850831688334
0.00181774162573293
0.00317916543249434
0.00367995463156016
0.00326010246651679
0.00120747441695161
0.000515843053445174
0.000473866294494606
0.000515843053445174
0.000467552252312466
0.000467552252312466
0.00205474926715491
0.00534422539516536
0.0067455402535798
0.00520151554552998
0.00360346589567525
0.02402530125202
0.0100535459694533
0.0110631717007013
0.00965188703676172
0.00793731509561684
0.00793731509561684
0.005972753841538
0.00418025921185854
0.0025568429368899
0.0025568429368899
0.0025568429368899
0.0025568429368899
0.00119487892072061
0.00119487892072061
0.000112029066115897
0.000612867964415682
0.000112029066115897
0.00100648997079173
0.00117449170629986
0.00115855699518481
0.00115855699518481
0.00103305504132973
0.00085256179831323
0.000652712503120552
0.000451870364253933
0.000192071086674121
0.000192071086674121
0.000192071086674121
0.000424289249296765
0.000642010240342432
0.000642010240342432
0.000892905307595941
0.000892905307595941
0.000585159496386427
0.000585159496386427
0.000585159496386427
0.000963937692388624
0.0014813758981202
0.0367064248218202
0.00161916393222125
0.00114607227027794
0.000275704416791058
0.00106172375882454
0.00106172375882454
0.00208625649619623
0.00220312958729809
0.00133940193315065
0.000489576426768636
0.000802757915581907
0.0331678940488599
0.136830419768848
0.209650058003652
0.209650058003652
0.165686766225735
0.188023420541454
0.223646866388034
0.00163073694714856
0.00172688376348819
0.00150897340954027
0.000433642575904072
0.000489089201791346
0.00155167412028821
0.0905867016664498
0.0472784062024866
0.0555330596906098
0.0679905299747516
0.0684309841865853
0.068453831415979
0.068453831415979
0.103678880338979
0.0215875492379327
0.0229355985896333
0.0227164387607504
0.0202737386283545
0.0202737386283545
0.0202737386283545
0.0103600135264132
0.0170216381380373
0.0170216381380373
0.0340046783850005
0.346710690822246
0.346710690822246
0.382263798789978
0.338948028190173
0.390746961016138
0.382263798789978
0.446280835373817
0.494925659286622
0.446280835373817
0.494925659286622
0.494925659286622
0.55585767673606
0.55585767673606
0.55585767673606
0.55585767673606
0.607383848747585
0.607383848747585
0.607383848747585
0.494925659286622
0.494925659286622
0.494925659286622
0.494925659286622
0.494925659286622
0.436889917876564
0.346710690822246
0.338948028190173
0.297952545257035
0.253253061248254
0.253253061248254
0.253253061248254
0.217978246364793
0.180605183182753
0.147212434421843
0.0740793423994152
0.0261062317508416
0.170464102206447
0.188023420541454
0.206034341926234
0.209650058003652
0.206034341926234
0.226970882025409
0.399484596544102
0.000576244485649663
0.00881224874754197
0.0136196206648216
0.0136196206648216
0.0141034279933128
0.0149584770987708
0.0150313360166918
0.0100514692281322
0.012540603344069
0.012540603344069
0.00230034272871252
0.00230034272871252
0.00980039297807209
0.0266657452926133
0.0490391538226569
0.0620477552875145
0.133658755450434
0.179831197854984
0.179831197854984
0.284494991493612
0.309182821794659
0.337077858467968
0.409036429530679
0.250901399984424
0.206034341926234
0.206034341926234
0.206034341926234
0.209650058003652
0.188023420541454
0.209650058003652
0.188023420541454
0.191658162917161
0.188023420541454
0.188023420541454
0.169296177168447
0.146402120244803
0.146402120244803
0.146402120244803
0.146402120244803
0.146402120244803
0.146402120244803
0.104078100020532
0.0675644929782303
0.0675644929782303
0.0490876608399469
0.0350867615807116
0.0219175903707148
0.0219175903707148
0.0128535651346647
0.00616262509029269
0.00172300291443377
0.00154694502473646
0.00110307865634902
0.0190115133524481
0.00420927492888747
0.00395002944281887
0.00420927492888747
0.00335190174377277
0.00183130441555281
0.00155240360291363
0.00155240360291363
0.002804267164065
0.00244868085646087
0.000433164638110925
0.000759577576278217
0.00176247214058502
0.00278798305615115
0.00254729106423514
0.00219808074048568
0.00219808074048568
0.00160211499878694
0.156881983209451
0.443151693891049
0.427026644602824
0.443151693891049
0.443151693891049
0.457440688223105
0.460235492905804
0.0140888034858695
0.013599799811161
0.0129879249019287
0.0106607658963323
0.00490921209328968
0.00694042900322286
0.000136786577694475
0.0420909487699918
0.0789385287860757
0.128041252733621
0.128041252733621
0.22912073671621
0.354661942224209
0.399427337822749
0.505193165681252
0.630663625067482
0.630663625067482
0.734876056804712
0.84462842553916
0.947604349722723
0.979281265211615
1.0308200545226
0.79720277733726
0.79720277733726
0.747140730396767
0.747140730396767
0.747140730396767
0.747140730396767
0.747140730396767
0.747140730396767
0.747140730396767
0.695316279077882
0.630663625067482
0.630663625067482
0.566923938801104
0.566923938801104
0.566923938801104
0.455877290847132
0.455877290847132
0.312214152242313
0.362806303884403
0.31961577563172
0.272256796497647
0.272256796497647
0.312214152242313
0.272256796497647
0.31961577563172
0.312214152242313
0.128041252733621
0.100399280844918
0.0261009554000758
0.0380309149763363
0.036684726753468
0.0340214467395359
0.0336525751480224
0.0183604301786174
0.0183604301786174
0.0711980035646173
0.472579930359622
0.457440688223105
0.472579930359622
0.472579930359622
0.460235492905804
0.407397919519804
0.000492652927867016
0.000492652927867016
0.00597049495389543
0.0164410890820801
0.0138467799467723
0.0181785174204016
0.0181785174204016
0.0173663079463726
0.0154454280960749
0.0125422624693325
0.00875843482214231
0.24616778688788
0.000332153027390439
0.000332153027390439
0.000515325868827424
0.000521388984170548
0.000712638370837473
0.000942878952168505
0.00124467861018863
0.00124467861018863
0.298168237241511
7.87443521341416
7.87443521341416
7.2789453750576
0.472579930359622
0.485887669019954
0.472579930359622
0.485887669019954
0.485887669019954
0.485887669019954
0.485887669019954
0.485887669019954
0.485887669019954
0.472579930359622
0.472579930359622
0.472579930359622
0.472579930359622
0.460235492905804
0.460235492905804
0.443151693891049
0.443151693891049
0.443151693891049
0.443151693891049
0.427026644602824
0.409036429530679
0.389247239288002
0.389247239288002
0.344924921897191
0.337077858467968
0.337077858467968
0.337077858467968
0.313044539920569
0.313044539920569
0.288271708672929
0.263089434912063
0.234395903542682
0.234395903542682
0.182669446340876
0.157244146425182
0.135872997464116
0.115905520608939
0.115905520608939
0.0806455385392213
0.0381922404024046
0.01012544866323
0.00354025241105879
0.00656251515502906
0.00656251515502906
0.0125145404701051
0.0141432746297432
0.0153507715155077
0.613776823350129
7.8777712067606
7.87459381860814
7.86684724221342
7.83883858346233
7.86684724221342
7.83127808240883
4.11608396761178
4.11608396761178
4.11608396761178
4.11608396761178
4.11608396761178
4.11608396761178
4.08978564645957
4.06778945904616
4.08978564645957
4.06778945904616
4.06778945904616
4.06778945904616
4.03895588557944
4.03895588557944
4.03895588557944
4.03895588557944
4.03895588557944
4.03895588557944
4.03306640649284
4.03306640649284
4.03306640649284
4.03306640649284
4.03306640649284
4.05174854410328
4.05174854410328
4.07237093699038
4.10699239389625
4.14500083166171
4.14500083166171
4.24535030332474
4.19114004207993
4.19114004207993
4.24535030332474
4.39832321870064
4.31740269259526
4.39832321870064
4.39832321870064
4.39832321870064
4.56098483828432
4.66278213356089
4.66278213356089
4.66278213356089
4.758581079851
4.758581079851
5.18779357517645
5.18779357517645
5.2963703296586
5.18779357517645
5.18779357517645
5.71409687548137
5.76970437177795
5.76970437177795
5.76970437177795
5.84611446414353
5.84611446414353
5.88119739429401
5.88119739429401
5.86806419633136
5.88119739429401
5.91642244321801
7.87482396722458
7.86650313133283
7.86615910654426
7.86650313133283
7.85401931845852
7.81916395282305
5.7713006359393
5.7713006359393
5.7713006359393
5.7713006359393
5.71647064204887
5.7713006359393
5.7713006359393
5.7713006359393
5.40546289132731
5.30373751272196
5.30373751272196
5.30373751272196
5.19619747366185
4.99142911907518
4.99142911907518
4.99142911907518
4.76950063728049
4.67384307040082
4.67384307040082
4.67384307040082
4.49806517060797
4.40882101560512
4.40882101560512
4.36257303244171
7.82129989139526
7.82129989139526
7.82129989139526
7.82129989139526
7.87478525913635
7.87478525913635
7.86415938076149
7.86499787365535
7.81733009230826
7.81733009230826
7.81733009230826
7.76449251892226
4.13919166302533
3.97743655691807
1.63281083086864
1.5954766024379
1.5954766024379
1.56300835358485
1.52194036741248
1.47360264789584
1.43142757497204
1.43646895433519
1.38741884606411
1.2878102683092
1.23887394935347
1.23887394935347
1.13844146649421
1.14929112023419
4.11313876884645
4.07707772372946
4.07707772372946
4.07707772372946
4.03886518921374
4.03304389642213
4.03304389642213
4.04467474484197
4.06332787507887
4.06332787507887
4.04749352824861
4.06332787507887
4.06332787507887
4.06332787507887
4.06332787507887
4.08978564645957
4.08978564645957
4.11608396761178
4.08978564645957
4.12333153599315
4.2545281285251
4.19943482513972
4.19943482513972
4.14500083166171
4.1097757827377
2.76201170449204
1.22910747669656
1.3695028639986
1.42849861211072
1.42849861211072
1.49953040167865
1.49953040167865
1.55354587250597
1.55354587250597
1.55354587250597
1.6654059291814
1.71129989000676
1.71129989000676
1.76337982306887
1.71129989000676
1.75461264460951
1.88110096479867
1.84587591587567
0.274445851591681
0.397405066804567
0.407470371673096
0.467420244313775
0.467420244313775
0.538823787237235
0.538823787237235
0.601395811317051
0.601395811317051
0.601395811317051
0.673081067849575
0.734943353066802
0.76015812582407
0.222089932136079
0.222089932136079
0.219049558863206
0.0671660092181927
0.0360243698948963
0.0346072940445623
0.032943346378282
0.0313527582096551
0.0313527582096551
0.0313527582096551
0.0472338055889907
0.0267818539505633
0.0296212811269907
0.0279769408045354
0.0262681172014041
0.0243496486478687
0.0222509709211067
0.0243496486478687
0.0199039341540619
0.0199039341540619
0.0174036275393518
0.0173306282131626
0.0173306282131626
0.0173306282131626
0.0143519746737457
0.0173306282131626
0.0172583477191228
0.0143519746737457
0.0143519746737457
0.126548221020254
2.76525363503476
2.76525363503476
2.75055891659571
2.70403070630729
2.68584570888575
2.54494551319175
0.0173306282131626
0.0173306282131626
0.0143519746737457
0.0173306282131626
0.0173306282131626
0.0173306282131626
0.0173306282131626
0.0173306282131626
0.0173306282131626
0.0173306282131626
0.0173306282131626
0.0173306282131626
0.0222509709211067
0.0222509709211067
0.0222509709211067
0.0243496486478687
0.0243496486478687
0.0278760096730099
0.0296212811269907
0.032943346378282
0.032943346378282
0.0344753468151406
0.0372538281889642
0.103646367505036
2.6542613121827
2.62613459083223
2.58846338682843
2.55643486677947
2.55643486677947
2.52325776301676
2.47985585945312
2.43522974248152
2.43522974248152
2.32331912004152
2.32331912004152
2.31352613289314
2.31352613289314
2.2742853144749
2.24807311249941
2.24026732562598
2.24026732562598
2.20412218603658
2.19471042655011
2.20515996065111
2.19286929759808
2.20515996065111
2.20033615075552
2.19286929759808
2.25034687867185
2.25034687867185
2.25034687867185
2.30092760796883
2.30092760796883
2.30092760796883
2.25034687867185
2.2156952814353
2.23302247663799
2.19296805998049
2.19296805998049
2.19296805998049
2.18650966157458
0.91515781951587
0.795990710862651
0.91515781951587
0.91515781951587
0.91515781951587
1.0822706900911
1.0822706900911
1.14675645665914
1.14675645665914
1.14675645665914
1.10581980546456
0.0372538281889642
0.0372538281889642
0.0391684762001123
0.0389795007408384
0.0383135555027323
0.0373862833716405
0.17732198896965
0.152323586910322
0.117098537986322
0.0310425272192503
0.0310425272192503
0.027651194769367
0.027651194769367
0.027651194769367
0.027651194769367
0.027651194769367
0.019721194631678
0.019721194631678
0.019721194631678
0.019721194631678
0.000650916608419372
0.0102165295920639
0.0452010485731499
0.00952345968887726
0.00851678869068841
0.00767025644921694
0.0114370615260724
0.00129273462733237
0.00129273462733237
0.00133571795689646
0.00127818652077472
0.00127818652077472
0.00127818652077472
0.00112734479897525
0.00112734479897525
0.00110575815586933
0.00110575815586933
0.00110575815586933
0.00118464304016341
0.00118464304016341
0.00132037860984346
0.00154719634407363
0.00154719634407363
0.0017496846794296
0.0017496846794296
0.00179066543481787
0.0195461917618211
0.0082587293221149
0.00773216988963875
0.0253446943515387
0.0018279320372121
0.036864488972093
0.00149027234672299
6.81268480256444e-05
0.000925518724641035
0.0030830844894179
0.00161275812392109
0.00195502893414851
0.00193459435745642
0.0191856446318069
5.12491635377421e-05
5.12491635377421e-05
5.12491635377421e-05
5.12491635377421e-05
0.123465905098085
0.0360219185302721
0.0348994145254639
0.0335207415227607
0.0319394408432298
0.0307003572247417
0.153988028458142
0.000207198704345851
0.000207198704345851
0.000207198704345851
0.000166592962062589
0.000166592962062589
0.00013983803555187
0.000166592962062589
0.00015783532266847
0.00015783532266847
0.00015783532266847
0.00015783532266847
0.00015783532266847
0.000223958199268376
0.000223958199268376
0.000223958199268376
0.000223958199268376
0.000402108257047923
0.0349064460118795
0.000183351849741836
0.000237361509974438
0.000230626971685627
0.000230626971685627
0.000230626971685627
0.158696072006782
0.0277826992058596
0.0277826992058596
0.0277826992058596
0.0254911196688052
0.0241544113274692
0.0241544113274692
0.0222239099371322
0.0201182477624115
0.0166296803521906
0.00879945549829661
0.0120031118261554
0.018815207237921
0.0148320993900057
0.0148320993900057
0.0148320993900057
0.00601440419868202
0.00601440419868202
0.0203814475784281
0.0203814475784281
0.0203814475784281
0.0203814475784281
0.0309608939830817
0.0474768981385943
0.0619222837236038
0.0619222837236038
0.0836489535231131
0.0619222837236038
0.0836489535231131
0.107795944885543
0.107795944885543
0.107795944885543
0.145389644015093
0.152323586910322
0.152323586910322
0.152323586910322
0.152323586910322
0.152323586910322
0.152323586910322
0.152323586910322
0.152323586910322
0.20016588948341
0.17732198896965
0.17732198896965
0.17732198896965
0.152323586910322
0.152323586910322
0.17732198896965
0.0188092688126103
0.000230626971685627
0.000230626971685627
0.000230626971685627
0.000230626971685627
0.000554879675547898
0.0181081272044364
0.00316031783244301
0.00394772916458722
0.00480931688227907
0.00480931688227907
0.00480931688227907
0.00480931688227907
0.00480931688227907
0.00480931688227907
0.00864394164312069
0.00634248378869865
0.00864394164312069
0.00864394164312069
0.00864394164312069
0.00864394164312069
0.00864394164312069
0.00864394164312069
0.00864394164312069
0.00864394164312069
0.00864394164312069
0.0111966149485868
0.00864394164312069
0.00864394164312069
0.00864394164312069
0.00864394164312069
0.0111966149485868
0.00634248378869865
0.00634248378869865
0.00480931688227907
0.00480931688227907
0.00864394164312069
0.00634248378869865
0.00480931688227907
0.00634248378869865
0.00634248378869865
0.00634248378869865
0.00634248378869865
0.00507698482540834
0.00507698482540834
0.00480931688227907
0.00480931688227907
0.00507698482540834
0.00480931688227907
0.0041421157949794
0.0041421157949794
0.0041421157949794
0.0041421157949794
0.00268509659610553
0.00268509659610553
0.0677650012512145
0.0217296284715195
0.0195542411728381
0.0195542411728381
0.0195542411728381
0.0166074374246682
0.0166074374246682
0.0166074374246682
0.0166074374246682
0.0164427938869919
0.0161256586950766
0.0719369636140834
0.000554879675547898
0.000407647214528456
4.19550684613804e-05
4.19550684613804e-05
4.19550684613804e-05
0.0875872827575221
0.01607667268565
0.0155335946990777
0.0155335946990777
0.010879025350875
0.00907305897478021
0.00907305897478021
0.00745835482754369
0.00745835482754369
0.0410309881832535
0.00249295227905486
0.00341534339577262
0.00408866065499322
0.00408866065499322
0.00408866065499322
0.00452584902800532
0.00408866065499322
0.00408866065499322
0.00452584902800532
0.00452584902800532
0.00465485116948014
0.00465485116948014
0.00451628471695728
0.00451628471695728
0.118771386516003
0.000506767951250492
0.00109052407124977
0.0017623764001955
0.0023521346320139
0.0023521346320139
0.00273389203330133
0.00289412027369785
0.00289412027369785
0.0027796156524873
0.00100043288433738
0.00100043288433738
0.00100043288433738
0.00100043288433738
0.00179759172963912
0.00108921147090313
0.000230322887071704
0.00100043288433738
0.000600731551312567
0.000600731551312567
0.00122582925377856
0.00122582925377856
0.00174001570947646
0.00199150693575256
0.00199150693575256
0.00199150693575256
0.0016977647116898
0.0016977647116898
0.00118000935804496
0.000497444147537824
0.000723284491178195
5.83340312743617e-06
0.000723284491178195
0.000723284491178195
0.000723284491178195
0.000114071324692095
0.000490700816758288
0.00112183817479284
0.00112183817479284
0.00112183817479284
0.00167069521993191
0.00167069521993191
0.00149671445786282
0.00149671445786282
0.0161158100039772
0.00268509659610553
0.00268509659610553
0.102381063603884
0.0040988966686539
0.0040988966686539
0.0040988966686539
0.00349528686464048
0.00349528686464048
0.00349528686464048
0.0365959053080225
0.037147568844766
0.037147568844766
0.0352085115222565
0.0325681598801371
0.0325681598801371
0.0325681598801371
0.0293545960760096
0.0293545960760096
0.0293545960760096
0.0293545960760096
0.025068459974813
0.0293545960760096
0.0268786357174556
0.025068459974813
0.025068459974813
0.0246468109606024
0.0246468109606024
0.0275640405502511
0.0275640405502511
0.0275640405502511
0.0275640405502511
0.0275640405502511
0.0330962665577257
0.0330962665577257
0.0454869212609843
0.0454869212609843
0.0454869212609843
0.0454869212609843
0.0352932109571835
0.0454869212609843
0.0352932109571835
0.0352932109571835
0.0287853715864746
0.0247783768473102
0.0247783768473102
0.0247783768473102
0.0247783768473102
0.0247783768473102
0.0247783768473102
0.0268786357174556
0.0268786357174556
0.0268786357174556
0.0444911601793556
0.0323578294124645
0.0323578294124645
0.0284738477650415
0.0210056531297299
0.0424312287065333
0.0189833808460225
0.0314734900461582
0.00185103058812269
0.00185103058812269
0.00185103058812269
0.0207513656634932
0.0265698756249153
0.0265698756249153
0.0311120871033667
0.0327474222276615
0.0124849399413209
0.00192723070842146
0.00195248405623968
0.00192723070842146
0.00192723070842146
0.00192723070842146
0.0195397551704214
0.0217610380844031
0.0097156072082614
0.00450543628523367
0.00465485116948014
0.00449957200704884
0.00412625530810026
0.00349528686464048
0.00272765369218139
0.00272765369218139
0.00195248405623968
0.00272765369218139
0.00195248405623968
0.00121353984967063
0.00121353984967063
0.00121353984967063
0.000260588925314637
0.000267147100473125
0.000629272073226134
0.00121353984967063
0.00121353984967063
0.00121353984967063
0.000638746854228572
0.00121353984967063
0.00121353984967063
0.00192723070842146
0.00121353984967063
0.00121353984967063
0.00121353984967063
0.00121353984967063
0.00121353984967063
0.000638746854228572
0.00121353984967063
0.00121353984967063
0.00121353984967063
0.00121353984967063
0.00121353984967063
0.00121353984967063
0.00192723070842146
0.00121353984967063
0.00192723070842146
0.00192723070842146
0.00272765369218139
0.00346323422245029
0.00349528686464048
0.00449957200704884
0.00465485116948014
0.00465485116948014
0.00465485116948014
0.00452584902800532
0.00334327171545465
0.00239141433130549
0.0011832983263442
0.00047755503697558
0.00253584100789087
0.00047755503697558
0.00047755503697558
0.00047755503697558
0.00047755503697558
0.00764450994881119
0.00764450994881119
0.0105845337988324
0.0105845337988324
0.0138198091587798
0.0178304653544714
0.0178304653544714
0.021448426671836
0.021448426671836
0.0290083630138218
0.0324885702564375
0.0324885702564375
0.035172447964051
0.0365959053080225
0.00121353984967063
0.00121353984967063
0.000629272073226134
0.00195248405623968
0.00195248405623968
0.00195248405623968
0.018391086436397
0.018391086436397
0.0220397491960727
0.0256334819863602
0.0290083630138218
0.0324885702564375
0.0290083630138218
0.0324885702564375
0.0324885702564375
0.035172447964051
0.0367803888747638
0.0367803888747638
0.0367803888747638
0.0367803888747638
0.0363655931337892
0.0371483108588749
0.0366023630588135
0.0343316259333282
0.0343316259333282
0.0363787264734708
0.0371075128762542
0.0371075128762542
0.0293545960760096
0.0293545960760096
0.0293545960760096
0.0293545960760096
0.025068459974813
0.0268786357174556
0.025068459974813
0.025068459974813
0.0265810683566894
0.0265810683566894
0.0265810683566894
0.0265810683566894
0.0265810683566894
0.0265810683566894
0.0312104336686314
0.0312104336686314
0.039118118496452
0.0265810683566894
0.0265810683566894
0.0330962665577257
0.0786714301080203
0.039118118496452
0.0786714301080203
0.0330962665577257
0.0265810683566894
0.0268786357174556
0.0268786357174556
0.0268786357174556
0.029991174345378
0.0325681598801371
0.0325681598801371
0.0352085115222565
0.0366023630588135
0.037147568844766
0.0365959053080225
0.0365959053080225
0.0365959053080225
0.00195248405623968
0.00123110247549715
0.00123110247549715
0.00123110247549715
0.00123110247549715
0.00195248405623968
0.0329720300846175
0.0295747819145769
0.0295747819145769
0.0262323291656257
0.0262323291656257
0.0178304653544714
0.0178304653544714
0.0178304653544714
0.0138198091587798
0.0105845337988324
0.00764450994881119
0.00229971257601849
0.00229971257601849
0.00253584100789087
0.00047755503697558
0.00104315899769777
0.00239141433130549
0.00239141433130549
0.00239141433130549
0.00239141433130549
0.00413216065109531
0.00452584902800532
0.00452584902800532
0.00452584902800532
0.00195248405623968
0.00195248405623968
0.00195248405623968
0.00195248405623968
0.00275866561073099
0.00195248405623968
0.00272765369218139
0.00349528686464048
0.00349528686464048
0.00349528686464048
0.00349528686464048
0.0040988966686539
0.0040988966686539
0.0040988966686539
0.00449957200704884
0.00449957200704884
0.00449957200704884
0.00449957200704884
0.00449957200704884
0.00450543628523367
0.00450543628523367
0.00450543628523367
0.00450543628523367
0.00450543628523367
0.00450543628523367
0.00404284576934974
0.00334327171545465
0.0022861125585569
0.00239141433130549
0.00239141433130549
0.00239141433130549
0.00104315899769777
0.00104315899769777
0.00047755503697558
0.00253584100789087
0.00253584100789087
0.00253584100789087
0.00253584100789087
0.00253584100789087
0.00253584100789087
0.0110236156025954
0.00728105690396144
0.00728105690396144
0.00764450994881119
0.0105845337988324
0.0105845337988324
0.0143194801020057
0.0143194801020057
0.00452584902800532
0.0129586513075092
0.000415755391602601
0.000382861997400397
0.000382861997400397
0.000337735626877389
0.00740947045791113
0.00897222270152948
0.00897222270152948
0.010372929375577
0.0105516831642814
0.012680352116296
0.0125686558014871
0.0132657679740274
0.0132657679740274
0.0137092259556771
0.0137092259556771
0.0144075036600058
0.0143290224039217
0.0149875761113319
0.0149875761113319
0.0177312288989041
0.0204217493566444
0.0204217493566444
0.0204217493566444
0.0204217493566444
0.0204217493566444
0.0267335082854879
0.0267335082854879
0.0314178905510716
0.0314178905510716
0.0314178905510716
0.0314178905510716
0.0352266638361905
0.0352266638361905
0.0386087453130551
0.0233174194441362
0.0204217493566444
0.0233174194441362
0.0204217493566444
0.0204217493566444
0.0204217493566444
0.0204217493566444
0.0204217493566444
0.0204217493566444
0.0204217493566444
0.0181312738134392
0.0181312738134392
0.0149875761113319
0.0159316924824265
0.0149875761113319
0.0149875761113319
0.0149875761113319
0.0136558920595261
0.0136003985207574
0.0131867976676195
0.0115440446647058
0.0115440446647058
0.0115440446647058
0.0101921873417806
0.0101921873417806
0.00877488142095056
0.00877488142095056
0.00521604506022416
0.00558756151390699
0.00558756151390699
0.000337735626877389
0.000337735626877389
0.000337735626877389
0.000325164223023477
0.000325164223023477
0.00034749192322775
0.00385393940119566
0.00247171699718801
0.0394117556742721
0.0338882343985054
0.0338882343985054
0.0332397508385595
0.0332397508385595
0.0332397508385595
0.0338431873573992
0.0313532252888706
0.0269478826941729
0.0125088872423095
0.00883879751857714
0.0240712993952037
0.0571130149721533
0.180400686205273
0.00660113553919987
0.00534422539516536
0.00534422539516536
0.00650412391994119
0.00520151554552998
0.00188714389382542
0.00520151554552998
0.0861754784153946
0.00034749192322775
0.000360717120090726
0.00034749192322775
0.000360717120090726
0.000360717120090726
0.000360717120090726
0.000287426896293297
0.000287426896293297
0.000287426896293297
0.000287426896293297
0.000287426896293297
0.000287426896293297
0.000287426896293297
0.000287426896293297
0.000287426896293297
0.000287426896293297
0.000360717120090726
0.000287426896293297
0.000360717120090726
0.000287426896293297
0.00034749192322775
0.00034749192322775
0.00034749192322775
0.00034749192322775
0.000325164223023477
0.000325164223023477
0.000337735626877389
0.000337735626877389
0.000337735626877389
0.000337735626877389
0.000337735626877389
0.000415446090797189
0.000415446090797189
8.37311784748773e-05
0.000353194282615987
0.000415755391602601
0.000353194282615987
0.000353194282615987
0.000353194282615987
8.37311784748773e-05
0.000431340173404238
0.000431340173404238
0.000431340173404238
0.00124127273784086
0.00234334383593132
0.00385393940118045
0.00385393940119466
