0.0237454185071676
0.247615319760732
0.247615319760732
0.205086976753942
0.325477221286181
0.325477221286181
0.325477221286181
0.0844922593665977
0.0815934769782746
0.0801296047324299
0.0781260360529635
0.0781260360529635
0.0764763618925112
0.0748648099214889
0.0716071273724622
0.0707264887625679
0.0707264887625679
0.0700917127331514
0.0699308805003912
0.0701502326104474
0.0706367223200576
0.0712081244960646
0.0731531460828246
0.0733049646788483
0.0742503464084844
0.0759865525301723
0.0765731390763423
0.0765731390763423
0.0772893255710524
0.077430059484347
0.077430059484347
0.077430059484347
0.0775309890519981
0.0775309890519981
0.077615613138872
0.0777498308779371
0.077946027975803
0.0781597584006476
0.0783806808453945
0.0785997160084665
0.0785997160084665
0.0787892388670343
0.0787892388670343
0.0789801370068722
0.0791639550258384
0.0793983768315104
0.079697221111526
0.079697221111526
0.0800685348650642
0.0805089225823973
0.0814311101058741
0.0819509165597331
0.0819525408004501
0.0815229328104926
0.081878422051303
0.0808801405098897
0.078723851214158
0.0774679865330806
0.0761189621089474
0.07490118228331
0.07490118228331
0.0735496585717846
0.0736203361867808
0.073658853283166
0.0742608781483326
0.0756688643064108
0.0777774861756902
0.325477221286181
0.325477221286181
0.248415984411655
0.188357774356811
0.161758382898655
0.15647813875663
0.0758576477298735
0.0777774861756902
0.0780479113200744
0.0807638630588904
0.0857120366882987
0.0775170093467096
0.0797888211407428
0.082631225721678
0.082631225721678
0.082631225721678
0.082631225721678
0.0850669159016323
0.0850669159016323
0.08731096676543
0.08731096676543
0.0870686909335251
0.0870686909335251
0.0870686909335251
0.0870686909335251
0.0797888211407428
0.0775170093467096
0.0775170093467096
0.0775170093467096
0.0775170093467096
0.156688918339643
0.150302758736522
0.149528235517372
0.078723851214158
0.0798664930445742
0.081878422051303
0.081878422051303
0.0819540237507513
0.0814311101058741
0.0809814377587862
0.0809844660300093
0.0800658957065564
0.0800658957065564
0.0796929436401729
0.079697221111526
0.0791692494090263
0.0789743425961734
0.0785997160084665
0.0785997160084665
0.0783806808453945
0.0779326717392045
0.0777381846770943
0.0777381846770943
0.0775309890519981
0.077430059484347
0.077430059484347
0.0772893255710524
0.0765731390763423
0.07513054494697
0.0742503464084844
0.0742503464084844
0.0713440382596949
0.0705308197348106
0.0700353189935906
0.069936653659414
0.0708869181494257
0.0718385070390425
0.0718385070390425
0.0768766977123817
0.0785346984240817
0.0805236285174767
0.0805236285174767
0.0831959770064873
0.0805236285174767
0.0805236285174767
0.082307012494753
0.0844922593665977
0.0835020309895614
0.0775170093467096
0.0775170093467096
0.0754899589744343
0.0754899589744343
0.077266455718129
0.0753207047188457
0.0973829708523218
0.0964419380342171
0.0958659118101802
0.0949395878125073
0.0949395878125073
0.094153228128783
0.094153228128783
0.094153228128783
0.0919694894459148
0.094153228128783
0.0933376216787202
0.0933376216787202
0.0933376216787202
0.0933376216787202
0.0933376216787202
0.0958659118101802
0.0965910783234821
0.0969869823887574
0.0969869823887574
0.0969869823887574
0.0972407181101654
0.0972883625848261
0.0973564739814164
0.0973699302416257
0.0972839254049901
0.0972839254049901
0.097188629346758
0.097151023895676
0.097151023895676
0.097319278776781
0.0974859913911593
0.0976818652936383
0.0976818652936383
0.09806957569353
0.09806957569353
0.0981780623219503
0.0980903894193556
0.097955937050581
0.0977693320811667
0.0975230020626078
0.119063697617228
0.119138165123507
0.119138165123507
0.118482933149507
0.117938085197223
0.113861144789174
0.111532931361414
0.1106484010003
0.10980880864838
0.110330753321278
0.117432483779379
0.117432483779379
0.119768189011022
0.120198908245739
0.119261811652851
0.117930155174375
0.116294664731743
0.110941583636481
0.10909920943211
0.10882435106458
0.0753207047188457
0.0741637599335699
0.073588190886846
0.073588190886846
0.073588190886846
0.073588190886846
0.108880348908614
0.107735930920913
0.0953872547049573
0.0953872547049573
0.0754106075941962
0.0600578323419337
0.101891310056206
0.105567843080384
0.101891310056206
0.0953872547049573
0.105155080370964
0.108825591658731
0.10903215622333
0.108825591658731
0.108825591658731
0.10903215622333
0.10903215622333
0.108903621907838
0.108903621907838
0.108903621907838
0.108903621907838
0.108903621907838
0.108820336506249
0.108903621907838
0.0735702557272325
0.0740414318115042
0.0762082407910213
0.0774679865330806
0.0787956501922703
0.0799216925938168
0.0818851434541205
0.0818851434541205
0.0814258603916694
0.0814258603916694
0.0805089225824008
0.0800711433135933
0.079697221111526
0.0791692494090263
0.0789801370068722
0.0786087200253834
0.0786087200253834
0.0779593371911914
0.077615613138872
0.077615613138872
0.0774976206711574
0.0774771591332178
0.0774771591332178
0.0772893255710524
0.0770373986689911
0.0759865525301723
0.07513054494697
0.07513054494697
0.0741096314014192
0.0731531460828246
0.0712081244960646
0.0704311771810647
0.0699924914127702
0.0699551867276106
0.0699551867276106
0.0699551867276106
0.070355627966678
0.0720864227932935
0.0710639518752912
0.0710639518752912
0.0752367612303618
0.0752367612303618
0.0752367612303618
0.0789451974414358
0.0809132634782365
0.0835020309895614
0.0826501468543636
0.0847393437531948
0.108820336506249
0.110941583636481
0.109715571226141
0.110941583636481
0.110941583636481
0.110941583636481
-0.0525719679482916
-0.054671593175139
-0.054671593175139
-0.0561733280006881
-0.0574295628674805
-0.0574295628674805
-0.0574295628674805
-0.0586796106766937
-0.0586796106766937
-0.0586796106766937
-0.0586796106766937
-0.0597617876170994
-0.0597617876170994
-0.0597617876170994
-0.0597617876170994
-0.0597617876170994
-0.0597617876170994
-0.0597617876170994
-0.0597617876170994
-0.0597617876170994
-0.0597617876170994
-0.0586796106766937
-0.0586796106766937
-0.0588942750836726
-0.0576851001106505
-0.0576851001106505
-0.0576851001106505
-0.0561733280006881
-0.054671593175139
-0.054671593175139
-0.054671593175139
-0.054671593175139
-0.0529489132267934
-0.0529489132267934
-0.0506745357805006
-0.0506745357805006
-0.0506745357805006
-0.0483317081509193
-0.0445766157568838
-0.0445766157568838
-0.0426681516178221
-0.0426681516178221
-0.0426681516178221
-0.0412964354354547
-0.0392256419795015
-0.0388019073751334
-0.0389575509324168
-0.0388019073751334
-0.0409186660307633
-0.0417678815504389
-0.0425688139627071
-0.0438153042338482
-0.044244114983864
-0.0446686806547153
-0.0459445033097311
-0.0459445033097311
-0.0471498913149951
-0.0477810364945118
-0.048359079782421
-0.0487689556634877
0.07490118228331
0.0761189621089474
0.0773828280078092
0.078723851214158
0.0773828280078092
0.0422490404937302
-0.0300975803032885
-0.0489214383845383
-0.0489214383845383
-0.047219002085355
-0.0472190020853586
-0.0471975163278014
-0.0459737623693134
-0.0459737623693134
-0.0446209519230604
-0.0446209519230604
-0.043278615252654
-0.022406457307805
-0.022406457307805
-0.022406457307805
-0.0184706072351916
-0.0184706072351916
-0.0184706072351916
-0.0171099029391887
-0.0167803638437743
-0.0171099029391887
-0.0167803638437743
-0.0167803638437743
-0.0167803638437743
-0.0167803638437743
0.0437260933525493
0.0447027162625268
0.0447027162625268
0.0447027162625268
0.0451370064982629
0.0451370064982629
0.044680505980769
0.0436080021616184
0.0431881041374914
0.0429169893372815
0.0429169893372815
0.0077891716483186
0.0077891716483186
0.00820231924253456
0.00820231924253456
0.00854320165188327
0.00854320165188327
0.00854320165188327
0.00841182394960882
0.00697043045598378
0.00757049402096677
0.00697043045598378
0.0063449772895342
-0.0442722875902736
-0.0438153042338641
-0.0437785194111527
-0.0437785194111527
-0.0425688139627071
-0.0424452662137903
-0.0409186660307633
-0.0409186660307633
-0.0394647754988576
-0.0394647754988576
-0.0394647754988576
-0.0390003427854609
-0.0392256419795015
-0.0392256419795015
-0.0392256419795015
-0.0411018130354773
-0.0424220700818044
-0.0424220700818044
-0.0460599496474242
-0.0460599496474242
-0.0483317081509193
-0.0483317081509193
-0.0506745357805006
-0.0525719679482916
-0.0525719679482916
-0.0167803638437743
-0.0167803638437743
-0.0167803638437743
-0.0178845784572087
-0.0178845784572087
-0.0167803638437743
-0.0586796106766937
-0.0597617876170994
-0.0597617876170994
-0.0609902877292993
-0.0609902877292993
-0.0609902877292993
-0.0609902877292993
-0.0609902877292993
-0.0623862894905657
-0.0623862894905657
-0.0623862894905657
-0.06519330580294
-0.0644668939623462
-0.0686391756195616
-0.0686391756195616
-0.0686391756195616
-0.0386839562975404
-0.0386839562975404
-0.0386839562975404
-0.0386839562975404
-0.0386839562975404
-0.0386839562975404
-0.0386839562975404
-0.0386839562975404
-0.0386839562975404
-0.0383946339486901
-0.0386839562975404
-0.0386839562975404
-0.0386839562975404
-0.0404369579706579
-0.0383946339486901
-0.0404369579706579
-0.0404369579706579
-0.0462007106400425
-0.0462007106400425
-0.0462007106400425
-0.0462007106400425
-0.0462007106400425
-0.0501681636201788
-0.0501681636201788
-0.0531013190787267
-0.0560789111907639
-0.0531013190787267
-0.0555980257716183
-0.0531013190787267
-0.0581923219238466
-0.0581923219238466
-0.0598460423235981
-0.0598460423235981
-0.059935169240945
-0.0596553577796709
-0.0596553577796709
-0.0579891200907231
-0.0579891200907231
-0.0576786925164566
-0.0575881993720849
-0.0577986074736011
-0.0582611339081848
-0.0600505820930647
-0.0599409386805502
-0.0167803638437743
-0.0165324317672181
-0.0167803638437743
-0.0165324317672181
-0.0165324317672181
-0.0165324317672181
-0.0610206192568697
-0.0628986606133041
-0.0635471701645621
-0.0635471701645621
-0.0641958233017669
-0.0641958233017669
-0.0641958233017669
-0.0639860964724431
-0.0640601682660876
-0.0643115825044419
-0.0646535484822434
-0.0646535484822434
-0.0650123091016351
-0.0652537292589653
-0.0649231329665739
-0.064227490177985
-0.0632099937106262
-0.0608963254232567
-0.060037335826915
-0.059660750873335
-0.0599626108644803
-0.0609126144344864
-0.0599626108644803
-0.0599626108644803
-0.0171680561908872
-0.0165324317672181
-0.0184706072351916
-0.0203535987353732
-0.0203535987353732
-0.0203535987353732
-0.0224890567400536
-0.0224890567400536
-0.0245612970486232
-0.0245612970486232
-0.0280959330831639
-0.0280959330831639
-0.0299873317714486
-0.0292672078083499
-0.0302471688778717
-0.030099713508723
-0.0296212408206483
-0.0296132406346822
-0.0288851375109694
-0.0270125149186925
-0.0270125149186925
-0.0260354815249045
-0.0241148347363901
-0.0224886830797048
-0.0224401293564512
-0.0211034734389813
-0.0211034734389813
-0.0204792235458066
-0.0193334409796976
-0.0193334409796976
-0.0192751502180152
-0.0194282054394187
-0.0205304509313063
-0.0213352528272005
-0.0224702408763297
-0.0236186772273425
-0.0265533004477047
-0.0248971930290133
-0.0283935077449166
-0.0300827919109502
-0.031883323194651
-0.031883323194651
-0.0341947097455407
-0.0341947097455407
-0.0362239355924182
-0.054671593175139
-0.0564748313078106
-0.0576851001106505
-0.0609126144344864
-0.0623727097858965
-0.0641827992268124
-0.0657222473704299
-0.0642963224529528
-0.0640700400722779
-0.0494217497389301
-0.0501681636201788
-0.0430852863710446
-0.0398691216057622
-0.0398691216057622
-0.0383946339486901
-0.0383946339486901
-0.0386839562975404
-0.0386839562975404
-0.0411725288154415
-0.0460787544854061
-0.0566193109117322
-0.0725640216793665
-0.0725640216793665
-0.0725640216793665
-0.0725640216793665
-0.0725640216793665
-0.0725640216793665
-0.0885485077566263
-0.0885485077566263
-0.0885485077566263
-0.114945525282766
-0.114945525282766
-0.114945525282766
-0.114945525282766
-0.114945525282766
-0.147685222768199
-0.147685222768199
-0.114945525282766
-0.114945525282766
-0.114945525282766
-0.0944232117337912
-0.114945525282766
-0.114945525282766
-0.0944232117337912
-0.0725640216793665
-0.0725640216793665
-0.0725640216793665
-0.059848094874538
-0.0725640216793665
-0.0502945373845475
-0.0411725288154415
-0.0386839562975404
-0.0386839562975404
-0.0382258960546292
-0.0398691216057622
-0.0423486249364861
-0.0423486249364861
-0.0494217497389301
-0.0555980257716183
-0.0597730173289087
-0.0597730173289087
-0.0597251796950652
-0.0591816466408454
-0.0581269887143571
-0.0577134351310694
-0.0575859643238265
-0.0582611339081848
-0.058956946170924
-0.00942581607786763
-0.0640700400722779
-0.0640700400722779
-0.0640700400722779
-0.0623727097858965
-0.0623727097858965
-0.0609126144344864
-0.00982369514902437
-0.00947966872337147
-0.00913212254386664
-0.00903370547273752
-0.00872284391382017
-0.00872284391382017
-0.00824442433617179
-0.00824442433617179
-0.00812375548261357
-0.00843186653354777
-0.00868344342012939
-0.00872284391382017
-0.00872284391382017
-0.00843186653354777
-0.00843186653354777
-0.00843186653354777
-0.00843186653354777
-0.00898638151886721
-0.00868344342012939
-0.00898638151886721
-0.00864556480772272
-0.00837696959551593
-0.00822600222613168
-0.00810471386718425
-0.0623727097858965
-0.0623727097858965
-0.0599626108644803
-0.0608480896537679
-0.060037335826915
-0.060037335826915
-0.060037335826915
-0.060037335826915
-0.060037335826915
-0.0620551460570792
-0.06092332496189
-0.0620551460570792
-0.0620551460570792
-0.0620551460570792
-0.0620551460570792
-0.0649231329665722
-0.0649231329665722
-0.0652527385958511
-0.0650184298596103
-0.0650184298596103
-0.0646630987778857
-0.0643315382799895
-0.0640671330361869
-0.0643115825044419
-0.0639821677289739
-0.0640888516885693
-0.0640888516885693
-0.0640210681110948
-0.0635935341999055
-0.0635935341999055
-0.06296821252283
-0.0620683185854557
-0.0600505820930647
-0.0583393825656139
-0.0583393825656139
-0.0577986074736011
-0.0576786925164566
-0.0576786925164566
-0.0585440766499045
-0.0590880051909001
-0.0590880051909001
-0.0596553577796709
-0.0598460423235981
-0.0598460423235981
-0.0591046892406756
-0.0578839403065449
-0.0560789111907639
-0.0494217497389301
-0.00820883195183952
-0.00820883195183952
-0.00810471386718425
-0.00820883195183952
-0.00820883195183952
-0.00820883195183952
-0.0121287359898695
-0.0121287359898695
-0.0125479342083413
-0.0121287359898695
-0.0586796106766937
-0.0586796106766937
-0.0586796106766937
-0.0586796106766937
-0.0574295628674805
-0.0586796106766937
-0.0586796106766937
-0.0125479342083413
-0.0125479342083413
-0.0121287359898695
-0.0121287359898695
-0.0121287359898695
-0.012787762484323
-0.0564748313078106
-0.0564748313078106
-0.054671593175139
-0.054671593175139
-0.0525719679482916
-0.0529489132267934
-0.0525719679482916
-0.0506745357805006
-0.0483317081509193
-0.0506745357805006
-0.0506745357805006
-0.0506745357805006
-0.0506745357805006
-0.0506745357805006
-0.0483317081509193
-0.0460599496474242
-0.0483317081509193
-0.0464017228635826
-0.0445766157568838
-0.0445766157568838
-0.0445766157568838
-0.0445766157568838
-0.0445766157568838
-0.0445766157568838
-0.0445766157568838
-0.0445766157568838
-0.0426681516178221
-0.0445766157568838
-0.0426681516178221
-0.0445766157568838
-0.0426681516178221
-0.0445766157568838
-0.0426681516178221
-0.0399230793744046
-0.0399230793744046
-0.0399230793744046
-0.0399230793744046
-0.0399230793744046
-0.0399230793744046
-0.0399230793744046
-0.0399230793744046
-0.0399230793744046
-0.00820883195183952
-0.00837696959551593
-0.00837696959551593
-0.00820883195183952
-0.00837696959551593
-0.00820883195183952
-0.0399230793744046
-0.0399230793744046
-0.0399230793744046
-0.0388019073751334
-0.0387774040618333
-0.0387582164299126
-0.0387582164299126
-0.0387582164299126
-0.0388019073751334
-0.0388019073751334
-0.0388019073751334
-0.0388019073751334
-0.0388019073751334
-0.0388019073751334
-0.0388019073751334
-0.0388019073751334
-0.0388019073751334
-0.0388019073751334
-0.0388019073751334
-0.0388019073751334
-0.0388019073751334
-0.0388019073751334
-0.038745257137207
-0.0388019073751334
-0.00820883195183952
-0.00810471386718425
-0.00810471386718425
-0.00810471386718425
-0.00822600222613168
-0.00810471386718425
-0.00843186653354777
-0.00843186653354777
-0.00837696959551593
-0.00868344342012939
-0.00898638151886721
-0.00868344342012939
-0.00868344342012939
-0.00932042501976305
-0.00932042501976305
-0.00971561950100941
-0.0103299109778171
-0.0103299109778171
-0.0103299109778171
-0.0103299109778171
-0.0103299109778171
-0.0103299109778171
-0.0103299109778171
-0.0103299109778171
-0.0106180607379071
-0.0103299109778171
-0.0106180607379071
-0.010855868996022
-0.010855868996022
-0.010855868996022
-0.010855868996022
-0.0110640106846746
-0.0110304657351968
-0.0112012754822953
-0.0112378876653904
-0.0114338353651399
-0.0114338353651399
-0.0112378876653904
-0.0114338353651399
-0.0117956054703477
-0.0117956054703477
-0.0121287359898695
-0.0125479342083413
-0.0117956054703477
-0.0117956054703477
-0.0117956054703477
-0.0117956054703477
-0.0121287359898695
-0.0388019073751334
-0.0387582164299126
-0.0390003427854609
-0.0390003427854609
-0.0394647754988576
-0.0387582164299126
-0.0418390740830085
-0.0409964309302627
-0.0418390740830085
-0.0409964309302627
-0.0409964309302627
-0.0409964309302627
-0.0409964309302627
-0.0395301035233658
-0.039045884541724
-0.039045884541724
-0.039045884541724
-0.039045884541724
-0.0387582164299126
-0.0388019073751334
-0.0388019073751334
-0.0391503302872022
-0.0391503302872022
-0.0391503302872022
-0.0407413417452486
-0.0439802058817688
-0.0439802058817688
-0.0460599496474242
-0.0479627437089708
-0.0479627437089708
-0.0479627437089708
-0.0479627437089708
-0.0502895164136924
-0.0558639737807142
-0.0543220424233927
-0.0558639737807142
-0.0574295628674805
-0.0574295628674805
-0.0574295628674805
-0.0574295628674805
-0.0574295628674805
-0.0574295628674805
-0.0574295628674805
-0.0584607922597006
-0.0584607922597006
-0.0597617876170994
-0.0584607922597006
-0.0584607922597006
-0.0607086630964105
-0.0607086630964105
-0.0584607922597006
-0.0558639737807142
-0.0479627437089708
-0.0479627437089708
-0.045726768200434
-0.0424220700818044
-0.0421859730731978
-0.0399230793744046
-0.0391503302872022
-0.0388019073751334
-0.0388019073751334
-0.0390003427854609
-0.0401751068810715
-0.0401751068810715
-0.0409964309302627
-0.0416954355426257
-0.0401751068810715
-0.0394647754988576
-0.0401751068810715
-0.0401751068810715
-0.0401751068810715
-0.0401751068810715
-0.0425077470187095
-0.0432217539870895
-0.0438153042338641
-0.0437785194111527
-0.0442722875902736
-0.0446911226191887
-0.0446911226191887
-0.0454929799857052
-0.0454929799857052
-0.0459646291719097
-0.0459646291719097
-0.0459646291719097
-0.046516270735366
-0.046516270735366
-0.046516270735366
-0.0471498913149951
-0.048352508335875
-0.048352508335875
-0.0487689556634877
-0.0489214383845383
-0.0489214383845383
-0.0489214383845383
-0.0489214383845383
-0.0487323528737126
-0.0401751068810715
-0.0401751068810715
-0.0401751068810715
-0.0401751068810715
-0.0409964309302627
-0.0418390740830085
-0.0425688139627071
-0.0425688139627071
-0.0425688139627071
-0.0425688139627071
-0.0425688139627071
-0.0425688139627071
-0.0432217539870895
-0.0432217539870895
-0.0438153042338641
-0.0432217539870895
-0.0442722875902736
-0.0442722875902736
-0.0442722875902736
-0.0442722875902736
-0.0442722875902736
-0.0442722875902736
-0.0442722875902736
-0.0442722875902736
-0.0442722875902736
-0.0442722875902736
-0.0442722875902736
-0.0442722875902736
-0.0446911226191887
-0.0446911226191887
-0.0442722875902736
-0.0446911226191887
-0.0442722875902736
-0.0446911226191887
-0.0446911226191887
-0.0442722875902736
-0.0442722875902736
-0.0442722875902736
-0.0442722875902736
-0.0442722875902736
-0.0437785194111527
-0.0438153042338641
-0.0438153042338641
-0.0438153042338641
-0.0432696075338556
-0.0432696075338556
-0.0417678815504389
-0.0426284855166895
-0.0481647962749382
-0.0472401050196368
-0.0472401050196368
-0.0472401050196368
-0.0433257794538261
-0.0433257794538261
-0.0471498913149951
-0.0471498913149951
-0.046516270735366
-0.0459646291719097
-0.0454730510703322
-0.0459646291719097
-0.0450469086881115
-0.0454929799857052
-0.0450672020038593
-0.0450672020038593
-0.0446911226191887
-0.0442722875902736
-0.0442722875902736
-0.0437785194111527
-0.0437785194111527
-0.0425688139627071
-0.0425688139627071
-0.0425688139627071
-0.0425688139627071
-0.0417678815504389
-0.0409964309302627
-0.0409964309302627
-0.0401751068810715
-0.0394647754988576
-0.0591571949695603
-0.0591571949695603
-0.0584203833951439
-0.0584203833951439
-0.0584203833951439
-0.0578468922753225
-0.0578468922753225
-0.0576088497071251
-0.0576088497071251
-0.0576260344242073
-0.0576260344242073
-0.0579275111778096
-0.0584561309401285
-0.0424220700818044
-0.0460599496474242
-0.0460599496474242
-0.0460599496474242
-0.0483317081509193
-0.0483317081509193
-0.0632806486260485
-0.0632806486260485
-0.146265485289314
-0.146265485289314
-0.146265485289314
-0.146265485289314
-0.142591094593916
-0.142591094593916
-0.142591094593916
-0.135024081822911
-0.135024081822911
-0.135024081822911
-0.135024081822911
-0.131514466243147
-0.131514466243147
-0.131514466243147
-0.131514466243147
-0.0433257794538261
-0.0433257794538261
-0.0433257794538261
-0.0433257794538261
-0.041650961163726
-0.0416177659061007
-0.128158419949808
-0.128158419949808
-0.127693907184779
-0.12464025460067
-0.12464025460067
-0.121888860172163
-0.121888860172163
-0.12464025460067
-0.12464025460067
-0.12464025460067
-0.119191965147243
-0.116938831332591
-0.116938831332591
-0.116938831332591
-0.116938831332591
-0.116938831332591
-0.115255117719148
-0.117152776161419
-0.11372668402763
-0.11372668402763
-0.11372668402763
-0.11372668402763
-0.112617335093281
-0.111688069590128
-0.041650961163726
-0.041650961163726
-0.0416025053588126
-0.0421689047928994
-0.0416177659061007
-0.0421689047928994
-0.0431839328467686
-0.0431839328467686
-0.0431839328467686
-0.0445459818553705
-0.0432713548945828
-0.0445459818553705
-0.0445459818553705
-0.0445459818553705
-0.0445459818553705
-0.0445459818553705
-0.0445459818553705
-0.0432713548945828
-0.0432713548945828
-0.0432713548945828
-0.0421689047928994
-0.0421689047928994
-0.0416177659061007
-0.0416177659061007
-0.0416177659061007
-0.0416177659061007
-0.0416177659061007
-0.041650961163726
-0.0422847948149546
-0.043278615252654
-0.0433257794538261
-0.0446209519230604
-0.0446209519230604
-0.0446209519230604
-0.0460079237315217
-0.0460079237315217
-0.0472190020853586
-0.0280959330831639
-0.0292672078083499
-0.0292793992374322
-0.0299842034057524
-0.0302471688778717
-0.030099713508723
-0.0489214383845383
-0.0489214383845383
-0.0487689556634877
-0.048352508335875
-0.0471498913149951
-0.111751715407851
-0.111090080606918
-0.111090080606918
-0.111090080606918
-0.111090080606918
-0.110658503555633
-0.0211524770466384
-0.0205264646192561
-0.0211034734389813
-0.0205264646192561
-0.0224886830797048
-0.0211524770466384
-0.0211524770466384
-0.0211524770466384
-0.0211524770466384
-0.0217922907821401
-0.0217922907821401
-0.0211034734389813
-0.0211034734389813
-0.0205264646192561
-0.0204792235458066
-0.0195995613617538
-0.0204792235458066
-0.0195995613617538
-0.0195995613617538
-0.0195995613617538
-0.0195995613617538
-0.0195995613617538
-0.0192681648202279
-0.0192681648202279
-0.0192681648202279
-0.0193985643854856
-0.0193985643854856
-0.0193985643854856
-0.0197274402986424
-0.0193985643854856
-0.0193985643854856
-0.0197274402986424
-0.0203418568913322
-0.0203418568913322
-0.0203418568913322
-0.0203418568913322
-0.021207849712657
-0.0210856882877292
-0.0210856882877292
-0.0210856882877292
-0.0210856882877292
-0.021207849712657
-0.0221497938681389
-0.0221497938681389
-0.022307192443299
-0.0246755918707685
-0.0246755918707685
-0.0246755918707685
-0.0246755918707685
-0.0232395970097156
-0.0232395970097156
-0.0232395970097156
-0.0232395970097156
-0.021207849712657
-0.021207849712657
-0.0232395970097156
-0.0232395970097156
-0.0232395970097156
-0.0232395970097156
-0.0232395970097156
-0.111090080606918
-0.111090080606918
-0.110725646386876
-0.110658503555633
-0.110838442075247
-0.110838442075247
-0.021207849712657
-0.0209686509814276
-0.021207849712657
-0.0202547377134586
-0.0197274402986424
-0.0203418568913322
-0.0197274402986424
-0.0197274402986424
-0.0197274402986424
-0.0197849999511818
-0.0197849999511818
-0.0193723269514202
-0.0197849999511818
-0.0192681648202279
-0.0193509498157977
-0.0192681648202279
-0.0192681648202279
-0.0193701560782732
-0.0196667617760412
-0.0196667617760412
-0.0200279419014401
-0.0205736635231596
-0.0205736635231596
-0.0205736635231596
-0.111287010778314
-0.111287010778314
-0.111287010778314
-0.111934601909128
-0.112665890666368
-0.111903016113209
-0.112635920198239
-0.113424690687517
-0.112635920198239
-0.112635920198239
-0.113424690687517
-0.112635920198239
-0.113448778878362
-0.11269551442393
-0.113448778878362
-0.11415608106065
-0.0250489762712566
-0.0250489762712566
-0.0250489762712566
-0.0260354815249045
-0.0260354815249045
-0.0260354815249045
-0.0259973619750963
-0.0250489762712566
-0.0260354815249045
-0.0260354815249045
-0.0270443385759788
-0.0270125149186925
-0.0270125149186925
-0.0260354815249045
-0.0260354815249045
-0.0260354815249045
-0.0259973619750963
-0.0260354815249045
-0.0259973619750963
-0.0259973619750963
-0.0260354815249045
-0.0259973619750963
-0.0250489762712566
-0.024160044918342
-0.0224886830797048
-0.0224886830797048
-0.0217922907821401
-0.0218411038203009
-0.0217922907821401
-0.0211524770466384
-0.0211524770466384
-0.0211524770466384
-0.0212012138042103
-0.0212012138042103
-0.0212012138042103
-0.0212012138042103
-0.0218411038202743
-0.0233857141338313
0.0622568285150172
0.0622568285150172
0.0622568285150172
0.0626485953323278
0.0628245093169691
0.0626870392969422
0.0621448965348687
0.0621448965348687
0.0621448965348687
0.0611960582054351
0.0611960582054351
0.0600796081953457
0.0600796081953457
0.0587927297762479
0.0587927297762479
0.0570188121011902
0.0570188121011902
0.055753830884247
0.0555598686824698
0.0555598686824698
0.0545559864419217
0.0536838421225109
0.0541712977692469
0.0541712977692469
0.0541712977692469
0.055705964596812
0.0569997777192831
0.0569997777192831
0.0595287743190013
0.0683423414285339
0.0683423414285339
0.0683423414285339
0.0683423414285339
0.0683423414285339
0.0683423414285339
0.0720805057624779
0.0713208994121831
0.0683423414285339
0.0566234273058576
0.05514882119211
0.0541712977692469
0.0538998141004959
0.0538998141004959
0.0545559864419217
0.0545559864419217
0.0545559864419217
0.055753830884247
0.0570188121011902
0.0583817140175898
0.062603717540335
0.062707879268694
0.0623040290936202
0.0611729704136607
0.0606229050250412
0.0606229050250412
0.0599297478879041
0.0599297478879041
0.0601806429551576
0.0606305821088259
0.0606305821088259
0.00577880057674662
0.00700748974062215
0.00700748974062215
0.00762850159608874
0.00759983657436536
0.00810567762808312
0.061072453352229
0.0612745235597539
0.061072453352229
0.0614779478524144
0.0618557082368297
0.0618557082368297
0.0618557082368297
0.0618557082368297
0.0619812101906848
0.0619812101906848
0.0614355211599157
0.0619971449017999
0.0614355211599157
0.0607106241293841
0.0614355211599157
0.0607106241293841
0.0596828212189165
0.0582658102586101
0.0582658102586101
0.0582658102586101
0.0582658102586101
0.0582658102586101
0.0582658102586101
0.0582658102586101
0.00759983657436536
0.00759983657436536
0.00808693003432126
0.00759983657436536
0.00759983657436536
0.00810567762808312
0.00842921561409427
0.00842921561409427
0.00854320165188327
0.00846309172687321
0.00846309172687321
0.00854320165188327
0.00854320165188327
0.00854320165188327
0.00854320165188327
0.00820899912159334
0.00846759489009863
0.00819566798179416
0.0608618129688355
0.0606305821088259
0.0606305821088259
0.0606305821088259
0.0606305821088259
0.0606305821088259
0.0606305821088259
0.0606305821088259
0.0606305821088259
0.0601806429551576
0.0601714871587539
0.0603893068633826
0.0601714871587539
0.0601623179184713
0.060004716329961
0.060004716329961
0.0599980932507452
0.0599297478879041
0.0599297478879041
0.0600046177036663
0.0602374936991136
0.0602374936991136
0.0602374936991136
0.0602374936991136
0.0611254739786286
0.0611254739786286
0.0611254739786286
0.0611254739786286
0.0611254739786286
0.0622568285150172
0.0582658102586101
0.0565391853710803
0.0527531713201422
0.0495574496068666
0.0495574496068666
0.048717646036022
0.0195220120660241
0.0188161562569703
0.0186471832540153
0.0186471832540153
0.0184595141455627
0.0207306305560354
0.0228479295056615
0.0255421619053077
0.0255421619053077
0.0279443188857843
0.0345139634017989
0.0345139634017989
0.0345139634017989
0.0368967451007879
0.0368967451007879
0.0413181603739342
0.0417840618762827
0.093985000754084
0.093985000754084
0.0932359389817697
0.10000784508333
0.0932359389817697
0.10000784508333
0.105475889856876
0.0990007032280459
0.101761868718046
0.104484303086813
0.103833490329589
0.105475889856876
0.105475889856876
0.108626988737977
-0.126630508801015
-0.146571345824898
-0.182975433579297
-0.182975433579297
-0.131737086255104
-0.107423105390338
-0.0360036055308822
-0.0360036055308822
-0.0253771914196034
-0.0253771914196034
-0.0159699284405787
-0.0159699284405787
-0.0129215278191158
-0.0137695604468594
-0.0124144005580281
-0.0116990997706957
-0.0116990997706957
-0.0139814756415885
-0.0111683960423318
-0.0109935605667414
-0.0107728556914876
-0.0107728556914876
-0.010193126154637
-0.00987790604785033
-0.00953419259921773
-0.00908229868643928
-0.00849282136095553
-0.00826415238326106
-0.0081346932754095
0.048717646036022
0.048717646036022
0.0491932940131391
0.048717646036022
0.0511707661587383
0.0511707661587383
-0.00804280943838342
-0.0080751643963034
-0.0080751643963034
-0.0081547739380835
-0.00827753754950222
-0.00921021803870203
-0.0102952954835683
-0.0114451862776129
-0.0128066100843743
-0.0133073992834402
-0.0128875471183968
-0.0108349190688316
-0.00911160159843483
-0.00915357835738539
-0.00911160159843483
-0.0100949969041925
-0.0100949969041925
-0.0116821939190349
-0.0149716700470454
-0.0163729849054598
-0.01482896019741
-0.00602397875620475
0.01439785660014
0.0507691072260467
0.0497594814947987
0.0511707661587383
0.0528853380998832
0.0528853380998832
0.054849899353962
0.0566423939836415
0.0582658102586101
0.0582658102586101
0.0582658102586101
0.0582658102586101
0.0596277742747794
0.0596277742747794
0.0607106241293841
0.0614355211599157
0.0607106241293841
0.0618291431662917
0.0619971449017999
0.0619812101906848
0.0619812101906848
0.0618557082368297
0.0616752149938132
0.0614753656986206
0.0612745235597539
0.0606305821088259
0.0606305821088259
0.0606305821088259
0.0603983639462032
0.0601806429551576
0.0601806429551576
0.0599297478879041
0.0599297478879041
0.0602374936991136
0.0602374936991136
0.0602374936991136
0.0617865908878886
0.0623040290936202
0.0623040290936202
0.0239784403395787
0.0244515320015221
0.0258733086885911
0.0266593280306245
0.0266593280306245
0.0276838607679962
0.0278007338590981
0.0269370062049507
0.0260871806985686
0.0247948463562181
0.0235404493969799
0.0919779261932475
0.164797564428052
0.164797564428052
0.120834272650135
0.143170926965854
0.161181848350634
-0.0640957549845486
-0.0641919018008882
-0.0639739914469403
-0.0628986606133041
-0.0619759288356087
-0.0609133439171118
-0.0599409386805502
-0.103249234144513
-0.0949945806563902
-0.0825371103722484
-0.0820966561604147
-0.082073808931021
-0.082073808931021
-0.082073808931021
-0.207340238507933
-0.208688287859633
-0.20846912803075
-0.206026427898354
-0.206026427898354
-0.206026427898354
-0.196112702796413
-0.202774327408037
-0.202774327408037
-0.186973059808999
0.125732952628246
0.125732952628246
0.161286060595978
0.117970289996173
0.169769222822138
0.161286060595978
0.225303097179817
0.273947921092622
0.225303097179817
0.273947921092622
0.273947921092622
0.33487993854206
0.33487993854206
0.33487993854206
0.33487993854206
0.386406110553585
0.386406110553585
0.386406110553585
0.273947921092622
0.273947921092622
0.273947921092622
0.273947921092622
0.273947921092622
0.215912179682563
0.125732952628246
0.117970289996173
0.0769748070630351
0.032275323054254
0.032275323054254
0.032275323054254
-0.00299949182920656
-0.0403725550112471
-0.0737653037721565
-0.146898395794585
-0.194871506443158
-0.215316595782047
0.143170926965854
0.161181848350634
0.164797564428052
0.161181848350634
0.182118388449809
0.178506858350102
-0.22155398267965
-0.229789986941542
-0.234597358858822
-0.234597358858822
-0.235081166187313
-0.235936215292771
-0.236009074210692
-0.231029207422132
-0.233518341538069
-0.233518341538069
-0.223278080922713
-0.223278080922713
-0.211177345215928
-0.194311992901387
-0.171938584371343
-0.158929982906486
-0.0873189827435662
-0.0411465403390155
-0.0411465403390155
0.0635172532996117
0.0882050836006593
0.116100120273968
0.188058691336679
0.206048906408824
0.161181848350634
0.161181848350634
0.161181848350634
0.164797564428052
0.143170926965854
0.164797564428052
0.143170926965854
0.146805669341561
0.143170926965854
0.143170926965854
0.124443683592847
0.101549626669203
0.101549626669203
0.101549626669203
0.101549626669203
0.101549626669203
0.101549626669203
0.0592256064449322
0.0227119994026302
0.0227119994026302
0.00423516726434692
-0.00976573199488839
-0.0229349032048852
-0.0229349032048852
-0.0319989284409353
-0.0386898684853073
-0.0431294906611662
-0.0463994386003365
-0.045955572231949
-0.0434535046849519
-0.0666742929662875
-0.0664150474802189
-0.0666742929662875
-0.0658169197811728
-0.0642963224529528
-0.0609126144344864
-0.0609126144344864
-0.059660750873335
-0.0600163371809391
-0.0620318533992891
-0.0632245956136782
-0.064227490177985
-0.0652530010935511
-0.0650123091016351
-0.0646630987778857
-0.0646630987778857
-0.0640671330361869
-0.0640957549845486
0.222173955697049
0.206048906408824
0.222173955697049
0.222173955697049
0.236462950029105
0.239257754711804
-0.23506654167987
-0.234577538005161
-0.233965663095929
-0.231638504090332
-0.22588695028729
-0.214037309190777
-0.221114524771694
-0.178886789424008
-0.142039209407924
-0.0929364854603792
-0.0929364854603792
0.00814299852221023
0.133684204030209
0.178449599628749
0.284215427487252
0.409685886873482
0.409685886873482
0.513898318610712
0.62365068734516
0.726626611528723
0.758303527017615
0.809842316328598
0.57622503914326
0.57622503914326
0.526162992202767
0.526162992202767
0.526162992202767
0.526162992202767
0.526162992202767
0.526162992202767
0.526162992202767
0.474338540883882
0.409685886873482
0.409685886873482
0.345946200607104
0.345946200607104
0.345946200607104
0.234899552653132
0.234899552653132
0.0912364140483134
0.141828565690403
0.0986380374377199
0.0512790583036474
0.0512790583036474
0.0912364140483134
0.0512790583036474
0.0986380374377199
0.0912364140483134
-0.0929364854603792
-0.120578457349082
-0.142039209407924
-0.130109249831664
-0.131455438054532
-0.134118718068464
-0.134487589659978
-0.149779734629383
-0.149779734629383
-0.149779734629383
0.251602192165622
0.236462950029105
0.251602192165622
0.251602192165622
0.239257754711804
0.239257754711804
-0.168632817735867
-0.168632817735867
-0.174110659761895
-0.18458125389008
-0.181986944754772
-0.186318682228402
-0.186318682228402
-0.185506472754373
-0.183585592904075
-0.180682427277333
-0.176898599630142
-0.16773260923058
0.0787673306846904
0.0787673306846904
0.0789505035261274
0.0789565666414705
0.0791478160281375
0.0793780566094685
0.0796798562674886
0.0796798562674886
0.0796798562674886
-7.49658711990516
-7.49658711990516
-7.4999231132516
0.251602192165622
0.264909930825954
0.251602192165622
0.264909930825954
0.264909930825954
0.264909930825954
0.264909930825954
0.264909930825954
0.264909930825954
0.251602192165622
0.251602192165622
0.251602192165622
0.251602192165622
0.239257754711804
0.239257754711804
0.222173955697049
0.222173955697049
0.222173955697049
0.222173955697049
0.206048906408824
0.188058691336679
0.168269501094002
0.168269501094002
0.123947183703191
0.116100120273968
0.116100120273968
0.116100120273968
0.0920668017265688
0.0920668017265688
0.0672939704789287
0.0421116967180631
0.0134181653486821
0.0134181653486821
-0.0383082918531236
-0.0637335917688179
-0.0851047407298838
-0.105072217585061
-0.105072217585061
-0.140332199654779
-0.182785497791595
-0.21085228953077
-0.217437485782941
-0.227540253349029
-0.227540253349029
-0.233492278664105
-0.235121012823743
-0.236328509709508
-0.235928729841129
-7.4999231132516
-7.49674572509914
-7.48899914870442
-7.46099048995333
-7.48899914870442
-7.48865503782383
-3.77346092302678
-3.77346092302678
-3.77346092302678
-3.77346092302678
-3.77346092302678
-3.77346092302678
-3.74716260187457
-3.72516641446116
-3.74716260187457
-3.72516641446116
-3.72516641446116
-3.72516641446116
-3.69633284099444
-3.69633284099444
-3.69633284099444
-3.69633284099444
-3.69633284099444
-3.69633284099444
-3.69044336190784
-3.69044336190784
-3.69044336190784
-3.69044336190784
-3.69044336190784
-3.70912549951828
-3.70912549951828
-3.72974789240538
-3.76436934931125
-3.80237778707671
-3.80237778707671
-3.90272725873974
-3.84851699749493
-3.84851699749493
-3.90272725873974
-4.05570017411564
-3.97477964801026
-4.05570017411564
-4.05570017411564
-4.05570017411564
-4.21836179369932
-4.32015908897589
-4.32015908897589
-4.32015908897589
-4.415958035266
-4.415958035266
-4.84517053059145
-4.84517053059145
-4.9537472850736
-4.84517053059145
-4.84517053059145
-5.37147383089637
-5.42708132719295
-5.42708132719295
-5.42708132719295
-5.50349141955853
-5.50349141955853
-5.53857434970901
-5.53857434970901
-5.52544115174636
-5.53857434970901
-5.53857434970901
-7.49697587371558
-7.48865503782383
-7.48831101303526
-7.48865503782383
-7.47617122494952
-7.47654090823805
-5.42867759135429
-5.42867759135429
-5.42867759135429
-5.42867759135429
-5.37384759746387
-5.42867759135429
-5.42867759135429
-5.42867759135429
-5.06283984674231
-4.96111446813696
-4.96111446813696
-4.96111446813696
-4.85357442907685
-4.64880607449018
-4.64880607449018
-4.64880607449018
-4.42687759269549
-4.33122002581582
-4.33122002581582
-4.33122002581582
-4.15544212602297
-4.06619797102012
-4.06619797102012
-3.98472493893271
-7.44345179788626
-7.44345179788626
-7.44345179788626
-7.44345179788626
-7.49693716562735
-7.49693716562735
-7.48631128725249
-7.48714978014635
-7.43948199879926
-7.43948199879926
-7.43948199879926
-7.43948199879926
-3.81418114290233
-3.70526361018007
-1.36063788413064
-1.3233036556999
-1.3233036556999
-1.29083540684685
-1.24976742067448
-1.20142970115784
-1.15925462823404
-1.16429600759719
-1.11524589932611
-1.0156373215712
-0.966701002615474
-0.966701002615474
-0.866268519756207
-0.806668075649186
-3.77051572426145
-3.73445467914446
-3.73445467914446
-3.73445467914446
-3.69624214462874
-3.69042085183713
-3.69042085183713
-3.70205170025697
-3.72070483049387
-3.72070483049387
-3.70487048366361
-3.72070483049387
-3.72070483049387
-3.72070483049387
-3.72070483049387
-3.74716260187457
-3.74716260187457
-3.77346092302678
-3.74716260187457
-3.78070849140815
-3.9119050839401
-3.85681178055472
-3.85681178055472
-3.80237778707671
-3.80237778707671
-2.47222623329304
-0.939322005497563
-1.0797173927996
-1.13871314091172
-1.13871314091172
-1.20974493047965
-1.20974493047965
-1.26376040130697
-1.26376040130697
-1.26376040130697
-1.3756204579824
-1.42151441880776
-1.42151441880776
-1.47359435186987
-1.42151441880776
-1.46482717341051
-1.59131549359967
-1.59131549359967
-0.019885429315681
-0.142844644528567
-0.152909949397096
-0.212859822037775
-0.212859822037775
-0.284263364961235
-0.284263364961235
-0.346835389041051
-0.346835389041051
-0.346835389041051
-0.418520645573575
-0.480382930790802
-0.54082275247207
-0.00275455878407882
-0.00275455878407882
-0.0349392344352059
0.233663809185193
0.202522169861896
0.201105094011562
0.199441146345282
0.197850558176655
0.197850558176655
0.197850558176655
0.196119081093991
0.139715946016437
0.196119081093991
0.194474740771535
0.192765917168404
0.190847448614869
0.188748770888107
0.190847448614869
0.186401734121062
0.186401734121062
0.183901427506352
0.183828428180163
0.183828428180163
0.183828428180163
0.180849774640746
0.183828428180163
0.183756147686123
0.180849774640746
0.180849774640746
0.180849774640746
-2.45785563937376
-2.45785563937376
-2.44316092093471
-2.39663271064629
-2.37844771322475
-2.37844771322475
0.183828428180163
0.183828428180163
0.180849774640746
0.183828428180163
0.183828428180163
0.183828428180163
0.183828428180163
0.183828428180163
0.183828428180163
0.183828428180163
0.183828428180163
0.183828428180163
0.188748770888107
0.188748770888107
0.188748770888107
0.190847448614869
0.190847448614869
0.19437380964001
0.196119081093991
0.199441146345282
0.199441146345282
0.200973146782141
0.203751628155964
0.203751628155964
-2.3468633165217
-2.31873659517123
-2.28106539116743
-2.24903687111847
-2.24903687111847
-2.21585976735576
-2.17245786379212
-2.12783174682052
-2.12783174682052
-2.01592112438052
-2.01592112438052
-2.00612813723214
-2.00612813723214
-1.9668873188139
-1.94067511683841
-1.93286932996498
-1.93286932996498
-1.89672419037558
-1.88731243088911
-1.89776196499011
-1.88547130193708
-1.89776196499011
-1.89293815509452
-1.88547130193708
-1.94294888301085
-1.94294888301085
-1.94294888301085
-1.99352961230783
-1.99352961230783
-1.99352961230783
-1.94294888301085
-1.9082972857743
-1.92562448097699
-1.88557006431949
-1.88557006431949
-1.88557006431949
-1.89672419037558
-0.62537234831687
-0.506205239663651
-0.62537234831687
-0.62537234831687
-0.62537234831687
-0.792485218892104
-0.792485218892104
-0.856970985460138
-0.856970985460138
-0.856970985460138
-0.939322005497563
0.203751628155964
0.203751628155964
0.205666276167112
0.205477300707838
0.204811355469732
0.20388408333864
-0.0108241890026503
0.0141742130566779
0.0141742130566779
0.10023022382375
0.10023022382375
0.103621556273633
0.103621556273633
0.103621556273633
0.103621556273633
0.103621556273633
0.111551556411322
0.111551556411322
0.111551556411322
0.111551556411322
0.114311143189419
0.123876756173064
0.12363622623045
0.0879586373461773
0.0869519663479884
0.0861054341065169
0.0846106405931276
0.0973404367465324
0.0973404367465324
0.0973834200760965
0.0973258886399747
0.0973258886399747
0.0973258886399747
0.0971750469181752
0.0971750469181752
0.0971534602750693
0.0971534602750693
0.0971534602750693
0.0972323451593634
0.0972323451593634
0.0973680807290435
0.0975948984632736
0.0975948984632736
0.0977973867986296
0.0977973867986296
0.0978383675540179
0.0979813694191211
0.0701764483351851
0.0707030077676613
0.0707030077676613
0.0978756341564121
0.097687142167593
0.059332380848777
0.0607545263474744
0.061748171920141
0.0577395687060821
0.0624354113194211
0.0627776821296485
0.0627572475529564
0.0623957733654069
0.0431588795700623
0.0431588795700623
0.0431588795700623
0.0431588795700623
0.0430318948689151
0.202519718497272
0.201397214492464
0.200018541489761
0.19843724081023
0.197198157191742
0.197198157191742
0.0430029300292541
0.0430029300292541
0.0430029300292541
0.0430435357715374
0.0430435357715374
0.0430702906980481
0.0430435357715374
0.0430522934109315
0.0430522934109315
0.0430522934109315
0.0430522934109315
0.0430522934109315
0.0429861705343316
0.0429861705343316
0.0429861705343316
0.0429861705343316
0.0428080204765521
0.0428915258218395
0.00780172796021816
0.00822244131993444
0.00821570678164563
0.00821570678164563
0.00821570678164563
0.00780172796021816
0.19428049917286
0.19428049917286
0.19428049917286
0.191988919635805
0.190652211294469
0.190652211294469
0.188721709904132
0.186616047729412
0.183127480319191
0.175297255465297
0.178500911793155
0.185313007204921
0.181329899357006
0.181329899357006
0.181329899357006
0.172512204165682
0.172512204165682
0.146116352388572
0.146116352388572
0.146116352388572
0.146116352388572
0.135536905983918
0.119020901828406
0.104575516243396
0.104575516243396
0.0828488464438869
0.104575516243396
0.0828488464438869
0.0587018550814565
0.0587018550814565
0.0587018550814565
0.0211081559519065
0.0141742130566779
0.0141742130566779
0.0141742130566779
0.0141742130566779
0.0141742130566779
0.0141742130566779
0.0141742130566779
0.0141742130566779
-0.0336680895164098
-0.0108241890026503
-0.0108241890026503
-0.0108241890026503
0.0141742130566779
0.0141742130566779
-0.0108241890026503
-0.0108241890026503
0.00821570678164563
0.00821570678164563
0.00821570678164563
0.00821570678164563
0.0085399594855079
0.00848068255255641
-0.012787762484323
-0.0135751738164672
-0.0144367615341591
-0.0144367615341591
-0.0144367615341591
-0.0144367615341591
-0.0144367615341591
-0.0144367615341591
-0.0182713862950007
-0.0159699284405787
-0.0182713862950007
-0.0182713862950007
-0.0182713862950007
-0.0182713862950007
-0.0182713862950007
-0.0182713862950007
-0.0182713862950007
-0.0182713862950007
-0.0182713862950007
-0.0208240596004668
-0.0182713862950007
-0.0182713862950007
-0.0182713862950007
-0.0182713862950007
-0.0208240596004668
-0.0159699284405787
-0.0159699284405787
-0.0144367615341591
-0.0144367615341591
-0.0182713862950007
-0.0159699284405787
-0.0144367615341591
-0.0159699284405787
-0.0159699284405787
-0.0159699284405787
-0.0159699284405787
-0.0147044294772883
-0.0147044294772883
-0.0144367615341591
-0.0144367615341591
-0.0147044294772883
-0.0144367615341591
-0.0137695604468594
-0.0137695604468594
-0.0137695604468594
-0.0137695604468594
-0.0123125412479855
-0.0123125412479855
-0.0123125412479855
-0.0583479140276805
-0.0605233013263619
-0.0605233013263619
-0.0605233013263619
-0.0634701050745318
-0.0634701050745318
-0.0634701050745318
-0.0634701050745318
-0.0636347486122081
-0.0639518838041234
-0.0639518838041234
0.0085399594855079
0.00839272702448846
0.00802703487842138
0.00802703487842138
0.00802703487842138
0.00750974025832207
-0.06400086981355
-0.0645439478001223
-0.0645439478001223
-0.069198517148325
-0.0710044835244198
-0.0710044835244198
-0.0726191876716563
-0.0726191876716563
-0.0742716032397465
-0.112809639143945
-0.111887248027227
-0.111213930768007
-0.111213930768007
-0.111213930768007
-0.110776742394995
-0.111213930768007
-0.111213930768007
-0.110776742394995
-0.110776742394995
-0.11064774025352
-0.11064774025352
-0.110786306706043
-0.110786306706043
-0.110786306706043
0.00747831185870951
0.00689455573871023
0.0062227034097645
0.0056329451779461
0.0056329451779461
0.00525118777665867
0.00509095953626215
0.00509095953626215
0.00520546415747269
0.00698464692562262
0.00698464692562262
0.00698464692562262
0.00698464692562262
0.00618748808032088
0.00689586833905687
0.0077547569228883
0.00698464692562262
0.00858581136127257
0.00858581136127257
0.00921090906373856
0.00921090906373856
0.00972509551943646
0.00997658674571256
0.00997658674571256
0.00997658674571256
0.0096828445216498
0.0096828445216498
0.00916508916800496
0.00848252395749782
0.00870836430113819
0.00797924640683256
0.00870836430113819
0.00870836430113819
0.00870836430113819
0.00809915113465209
0.00749437899320171
0.00686324163516716
0.00686324163516716
0.00686324163516716
0.00631438459002809
0.00631438459002809
0.00648836535209718
0.00648836535209718
0.00648836535209718
-0.0123125412479855
-0.0123125412479855
-0.0129215278191158
-0.111203694754346
-0.111203694754346
-0.111203694754346
-0.11180730455836
-0.11180730455836
-0.11180730455836
-0.151898496731023
-0.152450160267766
-0.152450160267766
-0.150511102945256
-0.147870751303137
-0.147870751303137
-0.147870751303137
-0.14465718749901
-0.14465718749901
-0.14465718749901
-0.14465718749901
-0.140371051397813
-0.14465718749901
-0.142181227140456
-0.140371051397813
-0.140371051397813
-0.139949402383602
-0.139949402383602
-0.142866631973251
-0.142866631973251
-0.142866631973251
-0.142866631973251
-0.142866631973251
-0.148398857980726
-0.148398857980726
-0.160789512683984
-0.160789512683984
-0.160789512683984
-0.160789512683984
-0.150595802380184
-0.160789512683984
-0.150595802380184
-0.150595802380184
-0.144087963009475
-0.14008096827031
-0.14008096827031
-0.14008096827031
-0.14008096827031
-0.14008096827031
-0.14008096827031
-0.142181227140456
-0.142181227140456
-0.142181227140456
-0.142181227140456
-0.0653322375486355
-0.0653322375486355
-0.0692162191960585
-0.0766844138313701
-0.0728713627164667
-0.151898496731023
-0.164388605931158
-0.131064085296877
-0.131064085296877
-0.131064085296877
-0.112163750221507
-0.106345240260085
-0.106345240260085
-0.101803028781633
-0.100167693657338
-0.102817651481679
-0.113375360714579
-0.11335010736676
-0.113375360714579
-0.113375360714579
-0.113375360714579
-0.113375360714579
-0.111154077800597
-0.125018198631261
-0.110797155137766
-0.11064774025352
-0.110803019415951
-0.1111763361149
-0.11180730455836
-0.112574937730819
-0.112574937730819
-0.11335010736676
-0.112574937730819
-0.11335010736676
-0.114089051573329
-0.114089051573329
-0.114089051573329
-0.115042002497685
-0.115035444322527
-0.114673319349774
-0.114089051573329
-0.114089051573329
-0.114089051573329
-0.114663844568771
-0.114089051573329
-0.114089051573329
-0.113375360714579
-0.114089051573329
-0.114089051573329
-0.114089051573329
-0.114089051573329
-0.114089051573329
-0.114663844568771
-0.114089051573329
-0.114089051573329
-0.114089051573329
-0.114089051573329
-0.114089051573329
-0.114089051573329
-0.113375360714579
-0.114089051573329
-0.113375360714579
-0.113375360714579
-0.112574937730819
-0.11183935720055
-0.11180730455836
-0.110803019415951
-0.11064774025352
-0.11064774025352
-0.11064774025352
-0.110776742394995
-0.111959319707545
-0.112911177091695
-0.114119293096656
-0.115780146459976
-0.117838432430891
-0.115780146459976
-0.115780146459976
-0.115780146459976
-0.115780146459976
-0.122947101371811
-0.122947101371811
-0.125887125221832
-0.125887125221832
-0.12912240058178
-0.133133056777471
-0.133133056777471
-0.136751018094836
-0.136751018094836
-0.144310954436822
-0.147791161679438
-0.147791161679438
-0.150475039387051
-0.151898496731023
-0.114089051573329
-0.114089051573329
-0.114673319349774
-0.11335010736676
-0.11335010736676
-0.11335010736676
-0.133693677859397
-0.133693677859397
-0.137342340619073
-0.14093607340936
-0.144310954436822
-0.147791161679438
-0.144310954436822
-0.147791161679438
-0.147791161679438
-0.150475039387051
-0.152082980297764
-0.152082980297764
-0.152082980297764
-0.152082980297764
-0.151668184556789
-0.152450902281875
-0.151904954481814
-0.149634217356328
-0.149634217356328
-0.151681317896471
-0.152410104299254
-0.152410104299254
-0.14465718749901
-0.14465718749901
-0.14465718749901
-0.14465718749901
-0.140371051397813
-0.142181227140456
-0.140371051397813
-0.140371051397813
-0.141883659779689
-0.141883659779689
-0.141883659779689
-0.141883659779689
-0.141883659779689
-0.141883659779689
-0.146513025091631
-0.146513025091631
-0.154420709919452
-0.141883659779689
-0.141883659779689
-0.148398857980726
-0.19397402153102
-0.154420709919452
-0.19397402153102
-0.148398857980726
-0.141883659779689
-0.142181227140456
-0.142181227140456
-0.142181227140456
-0.145293765768378
-0.147870751303137
-0.147870751303137
-0.150511102945256
-0.151904954481814
-0.152450160267766
-0.151898496731023
-0.151898496731023
-0.151898496731023
-0.11335010736676
-0.114071488947503
-0.114071488947503
-0.114071488947503
-0.114071488947503
-0.11335010736676
-0.148274621507617
-0.144877373337577
-0.144877373337577
-0.141534920588626
-0.141534920588626
-0.133133056777471
-0.133133056777471
-0.133133056777471
-0.12912240058178
-0.125887125221832
-0.122947101371811
-0.117602303999018
-0.117602303999018
-0.117838432430891
-0.115780146459976
-0.114259432425302
-0.112911177091695
-0.112911177091695
-0.112911177091695
-0.112911177091695
-0.111170430771905
-0.110776742394995
-0.110776742394995
-0.110776742394995
-0.11335010736676
-0.11335010736676
-0.11335010736676
-0.11335010736676
-0.112543925812269
-0.11335010736676
-0.112574937730819
-0.11180730455836
-0.11180730455836
-0.11180730455836
-0.11180730455836
-0.111203694754346
-0.111203694754346
-0.111203694754346
-0.110803019415951
-0.110803019415951
-0.110803019415951
-0.110803019415951
-0.110803019415951
-0.110797155137766
-0.110797155137766
-0.110797155137766
-0.110797155137766
-0.110797155137766
-0.110797155137766
-0.11125974565365
-0.111959319707545
-0.113016478864443
-0.112911177091695
-0.112911177091695
-0.112911177091695
-0.114259432425302
-0.114259432425302
-0.115780146459976
-0.117838432430891
-0.117838432430891
-0.117838432430891
-0.117838432430891
-0.117838432430891
-0.117838432430891
-0.126326207025595
-0.122583648326961
-0.122583648326961
-0.122947101371811
-0.125887125221832
-0.125887125221832
-0.129622071525006
-0.129622071525006
-0.110776742394995
-0.110648718268609
-0.0981058223527026
-0.0980729289585004
-0.0980729289585004
-0.0980278025879774
-0.0902805965031889
-0.0887178442595705
-0.0887178442595705
-0.087317137585523
-0.0871383837968186
-0.085009714844804
-0.0851214111596129
-0.0844242989870726
-0.0844242989870726
-0.0839808410054229
-0.0839808410054229
-0.0832825633010942
-0.0833610445571783
-0.0827024908497681
-0.0827024908497681
-0.0799588380621959
-0.0772683176044556
-0.0772683176044556
-0.0772683176044556
-0.0772683176044556
-0.0772683176044556
-0.0709565586756121
-0.0709565586756121
-0.0662721764100284
-0.0662721764100284
-0.0662721764100284
-0.0662721764100284
-0.0624634031249095
-0.0624634031249095
-0.0590813216480449
-0.0743726475169638
-0.0772683176044556
-0.0743726475169638
-0.0772683176044556
-0.0772683176044556
-0.0772683176044556
-0.0772683176044556
-0.0772683176044556
-0.0772683176044556
-0.0772683176044556
-0.0795587931476608
-0.0795587931476608
-0.0827024908497681
-0.0817583744786735
-0.0827024908497681
-0.0827024908497681
-0.0827024908497681
-0.0840341749015739
-0.0840896684403426
-0.0845032692934805
-0.0861460222963942
-0.0861460222963942
-0.0861460222963942
-0.0874978796193194
-0.0874978796193194
-0.0889151855401494
-0.0889151855401494
-0.0924740219008758
-0.092102505447193
-0.092102505447193
-0.0980278025879774
-0.0980278025879774
-0.0980278025879774
-0.0980152311841235
-0.0980152311841235
-0.0980375588843277
-0.0938361275599043
-0.095218349963912
-0.0935033602107279
-0.0990268814864946
-0.0990268814864946
-0.0996753650464405
-0.0996753650464405
-0.0996753650464405
-0.0990719285276008
-0.101561890596129
-0.105967233190827
-0.12040622864269
-0.141753913403577
-0.156986415280204
-0.190028130857153
-0.190028130857153
-0.0162285801910799
-0.0149716700470454
-0.0149716700470454
-0.0161315685718212
-0.01482896019741
-0.0115145885457054
-0.01482896019741
-0.0115145885457054
-0.0980375588843277
-0.0980507840811907
-0.0980375588843277
-0.0980507840811907
-0.0980507840811907
-0.0980507840811907
-0.0979774938573933
-0.0979774938573933
-0.0979774938573933
-0.0979774938573933
-0.0979774938573933
-0.0979774938573933
-0.0979774938573933
-0.0979774938573933
-0.0979774938573933
-0.0979774938573933
-0.0980507840811907
-0.0979774938573933
-0.0980507840811907
-0.0979774938573933
-0.0980375588843277
-0.0980375588843277
-0.0980375588843277
-0.0980375588843277
-0.0980152311841235
-0.0980152311841235
-0.0980278025879774
-0.0980278025879774
-0.0980278025879774
-0.0980278025879774
-0.0980278025879774
-0.0981055130518972
-0.0981055130518972
-0.0977737981395749
-0.098043261243716
-0.0981058223527026
-0.098043261243716
-0.098043261243716
-0.098043261243716
-0.0977737981395749
-0.0972587267876958
-0.0972587267876958
-0.0972587267876958
-0.0964487942232591
-0.0953467231251687
-0.0938361275599195
-0.0938361275599053
