89.1739220426339
12.8934726654179
12.8934726654179
6.49616903115354
48.3924896892209
48.3924896892209
314.963325139978
7.72240452589058
4.0266362814576
2.16028971405308
0.394136423948925
0.394136423948925
2.49736893992555
4.5519980223807
8.70534177237538
9.8281015291544
9.8281015291544
10.6374017033568
10.8424528520428
10.5627924794807
9.94254819096036
9.21404575994194
6.73426354378093
6.54070422440644
5.335400994564
3.12184558034188
2.37398401657648
2.37398401657648
1.46089053467066
1.28146350014604
1.28146350014604
1.28146350014604
1.15278454426728
1.15278454426728
1.04489406782357
0.873774752391524
0.623635588146728
0.35114251650678
0.0694800643451036
0.20977622041655
0.20977622041655
0.451406142383242
0.451406142383242
0.694789462903078
0.929146067243677
1.22801936959821
1.60902734196655
1.60902734196655
2.08242941056453
2.6438965105146
3.81962856215356
4.48234963882416
4.48442044527294
3.93669683095979
4.38992362463599
3.11717640683143
0.368040929440246
1.2331088589424
2.95303155743794
4.50562551082727
4.50562551082727
6.22873464615741
6.13862505871575
6.08951814325297
5.32197367768555
3.52687841541683
64.5394698597617
48.3924896892209
48.3924896892209
13.258513943843
13.1292872303077
2.84653435017424
99.4999481486694
3.28619122747233
0.838515958341228
0.493740626071721
2.96892984900845
9.27754516320839
1.17060780381234
1.72581171340897
5.3497017406035
5.3497017406035
5.3497017406035
5.3497017406035
8.45505606337473
8.45505606337473
11.3160821116646
11.3160821116646
11.0071954116643
11.0071954116643
11.0071954116643
11.0071954116643
1.72581171340897
1.17060780381234
1.17060780381234
1.17060780381234
53.44262244782
5.89129804075581
9.72688001504418
90.6392513964751
0.368040929440246
1.82483858649225
4.38992362463599
4.38992362463599
4.4863111151809
3.81962856215356
3.24632413355566
3.25018499205508
2.07906464670913
2.07906464670913
1.60357383056914
1.60902734196655
0.935896078330528
0.68740194766836
0.20977622041655
0.20977622041655
0.0694800643451036
0.640663963675931
0.888622938104449
0.888622938104449
1.15278454426728
1.28146350014604
1.28146350014604
1.46089053467066
2.37398401657648
4.21320230161092
5.335400994564
5.335400994564
9.04076411809478
10.077567436674
10.7093002331303
10.8350924313805
9.62356398407643
8.410347009195
8.410347009195
1.9869655318786
0.126882821909959
2.66264566812308
2.66264566812308
6.06972469672757
2.66264566812308
2.66264566812308
4.93634993009119
7.72240452589058
6.45992459454812
1.17060780381234
1.17060780381234
3.75497164771393
3.75497164771393
1.49004818256094
21.5798993031932
1.39021413699695
0.410458455869997
0.189270857093654
1.15371245979153
1.15371245979153
1.97243031183176
1.97243031183176
1.97243031183176
4.24602836226521
1.97243031183176
2.82159841483399
2.82159841483399
2.82159841483399
2.82159841483399
2.82159841483399
0.189270857093654
0.565735767012702
0.977931016393989
0.977931016393989
0.977931016393989
1.24210779086089
1.29171280338011
1.36262693780243
1.37663691400416
1.28709303659954
1.28709303659954
1.18787561012343
1.14872272020283
1.14872272020283
1.32390117569179
1.49747390122289
1.70140788210658
1.70140788210658
2.1050723023241
2.1050723023241
2.21802308201645
2.1267424988684
1.98675750619502
1.79247386869292
14.1977761296226
4.75405618901965
4.81957383623782
4.81957383623782
4.24309075705599
3.76372522289021
0.176770902379343
1.87162676300816
2.64985005863382
3.38853620872803
2.92932132890789
3.31888938800506
3.31888938800506
5.37387845665508
5.75283180531021
4.92835993764159
3.75674826790191
2.31781884480506
2.39190350600047
4.01285241644235
38.7443164087118
3.97076035457219
5.44579339437822
6.17960832782395
6.17960832782395
6.17960832782395
35.2559878680135
4.20540924135799
5.21228563262209
16.0768392125458
16.0768392125458
33.6525978676853
47.1602035747012
10.3544721656938
7.11980236538499
10.3544721656938
16.0768392125458
7.48295728935108
4.25358550453284
4.07184685169732
4.25358550453284
4.25358550453284
4.07184685169732
4.07184685169732
4.18493330186372
4.18493330186372
4.18493330186372
4.18493330186372
4.18493330186372
4.25820906779692
38.8453818306642
6.2024745469735
5.60175418355393
2.83920676001867
1.2331088589424
0.45958018549443
1.89521459747521
4.39849299748398
4.39849299748398
3.81293550125731
3.81293550125731
2.64389651051913
2.0857550210968
1.60902734196655
0.935896078330528
0.694789462903078
0.22125578505308
0.22125578505308
0.606667161751881
1.04489406782357
1.04489406782357
1.19532716587829
1.22141436112753
1.22141436112753
1.46089053467066
1.78208175216499
3.12184558034188
4.21320230161092
4.21320230161092
5.51480392481546
6.73426354378093
9.21404575994194
10.2046055294302
10.7639027496281
10.8114639157704
10.8114639157704
10.8114639157704
10.300926104768
8.09426975705415
9.3978569338049
9.3978569338049
4.07778311016613
4.07778311016613
4.07778311016613
0.650243678116194
3.15940614269244
6.45992459454812
5.37382501443378
25.4450335863045
4.25820906779692
2.39190350600047
3.47056791414023
2.39190350600047
2.39190350600047
347.347638430595
17.210803140031
21.8919815082047
21.8919815082047
25.2401450233899
28.0409589060673
28.0409589060673
28.0409589060673
30.8279785555016
30.8279785555016
30.8279785555016
30.8279785555016
33.2407249919548
33.2407249919548
33.2407249919548
33.2407249919548
33.2407249919548
33.2407249919548
33.2407249919548
33.2407249919548
33.2407249919548
33.2407249919548
30.8279785555016
30.8279785555016
31.3065793865058
28.6106869697687
28.6106869697687
28.6106869697687
25.2401450233899
21.8919815082047
21.8919815082047
21.8919815082047
21.8919815082047
18.0512141148779
18.0512141148779
12.9804203529675
12.9804203529675
12.9804203529675
7.7570148233898
0.615077996168118
0.615077996168118
4.87005689905762
4.87005689905762
4.87005689905762
7.9283398907387
12.5452369478952
13.4899661493026
13.1429540996357
13.4899661493026
8.77058828001637
6.87723642379423
5.09153322555798
2.31244521556784
1.35639859289097
0.409816503456779
2.43466894943197
2.43466894943197
5.12211820625496
6.52927559975164
7.81804070917619
162.177401926174
4.50562551082727
2.95303155743794
1.34168071128593
0.368040929440246
79.0849281771212
255.099443458919
32.8965283667936
9.07183633409372
9.07183633409372
5.27620277290983
5.27620277291776
5.22829962229158
2.49990291358821
2.49990291358821
0.516229163824212
0.516229163824212
58.8790907655161
17.744189744562
17.744189744562
17.744189744562
32.1929949402843
32.1929949402843
32.1929949402843
37.1882439815856
38.3980070838815
37.1882439815856
38.3980070838815
38.3980070838815
38.3980070838815
138.834329671242
1.19408257756029
3.4542538350878
3.4542538350878
3.4542538350878
4.45931965753339
4.45931965753339
3.40285319730058
0.920787416467553
0.0509709106500817
0.678404357750871
437.464751244565
2.4534277214992
2.4534277214992
2.72056682894508
2.72056682894508
6.98955871708521
6.98955871708521
6.98955871708521
5.34426893412552
12.7068154373438
5.19200557615102
12.7068154373438
114.146320045372
1.29358690916141
2.3124452155322
2.39445809771323
2.39445809771323
5.09153322555798
5.36698669328664
8.77058828001637
8.77058828001637
12.0120814858626
12.0120814858626
12.0120814858626
13.0475483604387
12.5452369478952
12.5452369478952
12.5452369478952
8.36225645693656
5.41870317577556
5.41870317577556
2.69206007418298
2.69206007418298
7.7570148233898
7.7570148233898
12.9804203529675
17.210803140031
92.9956958792994
38.3980070838815
38.3980070838815
38.3980070838815
34.3443511901272
34.3443511901272
62.5876679175247
30.8279785555016
33.2407249919548
33.2407249919548
35.9797033948594
35.9797033948594
35.9797033948594
35.9797033948594
35.9797033948594
39.0921318240914
39.0921318240914
39.0921318240914
45.3504601545845
43.7309028397398
53.0331318232475
53.0331318232475
9.88418442217512
38.0710075607775
38.0710075607775
38.0710075607775
38.0710075607775
38.0710075607775
38.0710075607775
38.0710075607775
38.0710075607775
38.0710075607775
38.5341825632678
38.0710075607775
38.0710075607775
38.0710075607775
35.2646341245801
38.5341825632678
35.2646341245801
35.2646341245801
26.0374653019703
26.0374653019703
26.0374653019703
26.0374653019703
26.0374653019703
19.6859855381113
19.6859855381113
14.9903085805032
10.2234931603037
14.9903085805032
10.9933407233952
14.9903085805032
6.84014228731221
6.84014228731221
4.19270784846934
4.19270784846934
4.05002491945218
4.49797397968708
4.49797397968708
7.16544729723286
7.16544729723286
7.66240957151029
7.80727968796095
7.47043819150896
6.72998145409678
3.86526094155565
120.047748330242
38.3980070838815
39.3081846083911
38.3980070838815
39.3081846083911
39.3081846083911
73.5332954561551
2.31233228759406
0.694216682438858
1.73241305479846
1.73241305479846
2.77083929333148
2.77083929333148
2.77083929333148
2.43508844283438
2.55366968393823
2.95615774246045
3.50360972205758
3.50360972205758
4.07794817686595
4.4644367506556
3.9351864554048
2.82153467006087
1.19262860498999
2.51131379359249
3.88646683657645
4.48934019739814
4.00609373300977
2.48523678002326
4.00609373300977
120.127308567038
36.9747589682369
39.3081846083911
32.1929949402843
25.2803898182959
25.2803898182959
25.2803898182959
17.4409609416809
17.4409609416809
9.83360903933477
9.83360903933477
3.14230888401941
3.14230888401941
10.0857774334512
7.44214755232718
11.0396592287591
10.4983393449764
8.74182968787101
8.71246039625123
6.03953840917544
0.835001662660133
0.835001662660133
4.42176561863164
11.4726061702403
17.442332677263
17.6205770910171
22.5275427042698
22.5275427042698
24.8192115772011
29.0254665891891
29.0254665891891
29.2394564121551
28.6775790445095
24.6311519458338
21.6766629281154
17.5100354095904
13.2940381512263
2.52081293899117
8.60050932843552
4.23472811735458
10.4362188715568
17.0461062623442
17.0461062623442
25.531382222981
25.531382222981
19.2376327274606
21.8919815082047
25.9123558261502
7.65215167934084
2.48523678002326
0.147775914269717
2.74998910331518
5.21448553985793
2.9317279864649
2.56947341937358
20.8809165646289
19.6859855381113
31.0249356764006
36.173681112377
36.173681112377
38.5341825632678
38.5341825632678
38.0710075607775
38.0710075607775
34.0870616721985
26.2327044269528
9.35836938711479
16.1674549360089
16.1674549360089
16.1674549360089
16.1674549360089
16.1674549360089
16.1674549360089
41.7569553947926
41.7569553947926
41.7569553947926
84.0158362140298
84.0158362140298
84.0158362140298
84.0158362140298
84.0158362140298
136.428688261603
136.428688261603
84.0158362140298
84.0158362140298
84.0158362140298
51.1617457266349
84.0158362140298
84.0158362140298
51.1617457266349
16.1674549360089
16.1674549360089
16.1674549360089
4.18942192779827
16.1674549360089
19.4836742792032
34.0870616721985
38.0710075607775
38.0710075607775
38.8043143896284
36.173681112377
32.2042540496339
32.2042540496339
20.8809165646289
10.9933407233952
4.30961327327158
4.30961327327158
4.38619635184348
5.25633626582606
6.94473396364923
7.60679025736556
7.81085776786662
6.72998145409678
512.384161143021
84.9102483693768
2.56947341937358
2.56947341937358
2.56947341937358
0.147775914269717
0.147775914269717
532.69763303798
2.03844845896929
1.53494446192088
5.14489696823796
6.16715235051015
9.39606272245032
9.39606272245032
14.3653935776005
14.3653935776005
15.6187776054656
12.4184366834948
9.8053145552623
9.39606272245032
9.39606272245032
12.4184366834948
12.4184366834948
12.4184366834948
12.4184366834948
6.6587049439708
9.8053145552623
6.6587049439708
10.1987586494776
12.988649652947
14.5567435225364
87.0251956665863
0.147775914269717
0.147775914269717
4.00609373300977
2.58853424594229
3.88646683657645
3.88646683657645
3.88646683657645
3.88646683657645
3.88646683657645
0.656162430106739
2.46809033911896
0.656162430106739
0.656162430106739
0.656162430106739
0.656162430106739
3.93518645540196
3.93518645540196
4.46285080199932
4.08774687406869
4.08774687406869
3.51889875252995
2.98810486450504
2.5648195568081
2.95615774246045
2.42879893297325
2.59958886139602
2.59958886139602
2.4910744006559
1.80663705536732
1.80663705536732
0.80556205895714
0.635074581595068
3.86526094155565
6.60471348830148
6.60471348830148
7.47043819150896
7.66240957151029
7.66240957151029
6.27701953939712
5.40624649220142
5.40624649220142
4.49797397968708
4.19270784846934
4.19270784846934
5.37953706298855
7.33382919718726
10.2234931603037
413.342340838898
14.7350906843537
14.7350906843537
15.8165623356598
14.7350906843537
14.7350906843537
14.7350906843537
25.9808436031993
25.9808436031993
30.3350438466663
72.9586138406637
30.8279785555016
30.8279785555016
30.8279785555016
30.8279785555016
28.0409589060673
30.8279785555016
509.503485073114
30.3350438466663
30.3350438466663
25.9808436031993
25.9808436031993
25.9808436031993
71.4892942066445
25.9123558261502
25.9123558261502
21.8919815082047
21.8919815082047
17.210803140031
18.0512141148779
17.210803140031
12.9804203529675
7.7570148233898
12.9804203529675
12.9804203529675
12.9804203529675
12.9804203529675
12.9804203529675
7.7570148233898
2.69206007418298
7.7570148233898
3.45405386519104
0.615077996168118
0.615077996168118
0.615077996168118
0.615077996168118
0.615077996168118
0.615077996168118
0.615077996168118
0.615077996168118
4.87005689905762
0.615077996168118
4.87005689905762
0.615077996168118
4.87005689905762
0.615077996168118
4.87005689905762
10.9902790418702
10.9902790418702
10.9902790418702
10.9902790418702
10.9902790418702
10.9902790418702
10.9902790418702
10.9902790418702
314.679915782312
14.7350906843537
12.988649652947
12.988649652947
14.7350906843537
12.988649652947
81.6981592383413
10.9902790418702
10.9902790418702
10.9902790418702
13.4899661493026
13.54459703233
13.5873764418813
13.5873764418813
13.5873764418813
13.4899661493026
13.4899661493026
13.4899661493026
13.4899661493026
13.4899661493026
13.4899661493026
13.4899661493026
13.4899661493026
13.4899661493026
13.4899661493026
13.4899661493026
13.4899661493026
13.4899661493026
13.4899661493026
13.6162695795254
303.034333389353
14.7350906843537
15.8165623356598
15.8165623356598
15.8165623356598
14.5567435225364
15.8165623356598
12.4184366834948
12.4184366834948
12.988649652947
9.8053145552623
6.6587049439708
9.8053145552623
9.8053145552623
3.18900438505249
3.18900438505249
0.915869707048284
7.2964982021468
7.2964982021468
7.2964982021468
7.2964982021468
7.2964982021468
7.2964982021468
7.2964982021468
7.2964982021468
10.2895017509512
7.2964982021468
10.2895017509512
12.7596095180053
12.7596095180053
12.7596095180053
12.7596095180053
14.9215714526494
14.5731409948211
16.3473370902007
16.727626818357
18.7629301292023
18.7629301292023
16.727626818357
18.7629301292023
22.5206261564366
22.5206261564366
25.9808436031993
30.3350438466663
22.5206261564366
22.5206261564366
22.5206261564366
22.5206261564366
72.9586138406637
13.4899661493026
13.5873764418813
13.0475483604387
13.0475483604387
12.0120814858626
13.5873764418813
6.71851050491171
8.59720906896242
6.71851050491171
8.59720906896242
8.59720906896242
8.59720906896242
8.59720906896242
11.866430666253
12.9460116282918
12.9460116282918
12.9460116282918
12.9460116282918
13.5873764418813
13.4899661493026
13.4899661493026
12.7131466588066
12.7131466588066
12.7131466588066
9.16593817336371
1.94479197095469
1.94479197095469
2.69206007418298
6.93439736662221
6.93439736662221
6.93439736662221
6.93439736662221
12.1220079524189
24.5504303713996
21.1126474648093
24.5504303713996
28.0409589060673
28.0409589060673
28.0409589060673
28.0409589060673
28.0409589060673
28.0409589060673
28.0409589060673
30.3401162326983
30.3401162326983
33.2407249919548
30.3401162326983
30.3401162326983
35.351812701527
35.351812701527
30.3401162326983
24.5504303713996
6.93439736662221
6.93439736662221
1.94922189411914
5.41870317577556
5.94508864464288
10.9902790418702
12.7131466588066
13.4899661493026
13.4899661493026
13.0475483604387
10.4283760425597
10.4283760425597
8.59720906896242
7.03875700389551
10.4283760425597
12.0120814858626
10.4283760425597
10.4283760425597
10.4283760425597
10.4283760425597
5.22768383643677
3.63578356187009
2.3124452155322
2.39445809771323
1.29358690916141
0.359781460398129
0.359781460398129
1.42798395149575
1.42798395149575
2.47954017190852
2.47954017190852
2.47954017190852
3.70944183284187
3.70944183284187
3.70944183284187
5.12211820625496
7.80338946902841
7.80338946902841
8.73187146504223
9.07183633409372
9.07183633409372
9.07183633409372
9.07183633409372
8.65026443083478
10.4283760425597
10.4283760425597
10.4283760425597
10.4283760425597
8.59720906896242
6.71851050491171
5.09153322555798
5.09153322555798
5.09153322555798
5.09153322555798
5.09153322555798
5.09153322555798
3.63578356187009
3.63578356187009
2.3124452155322
3.63578356187009
1.29358690916141
1.29358690916141
1.29358690916141
1.29358690916141
1.29358690916141
1.29358690916141
1.29358690916141
1.29358690916141
1.29358690916141
1.29358690916141
1.29358690916141
1.29358690916141
0.359781460398129
0.359781460398129
1.29358690916141
0.359781460398129
1.29358690916141
0.359781460398129
0.359781460398129
1.29358690916141
1.29358690916141
1.29358690916141
1.29358690916141
1.29358690916141
2.39445809771323
2.3124452155322
2.3124452155322
2.3124452155322
3.52909262241228
3.52909262241228
6.87723642379423
4.95849367920171
7.38487971411272
5.32325240738834
5.32325240738834
5.32325240738834
3.40385561663498
3.40385561663498
5.12211820625496
5.12211820625496
3.70944183284187
2.47954017190852
1.38355182791835
2.47954017190852
0.433454412481579
1.42798395149575
0.478698977789005
0.478698977789005
0.359781460398129
1.29358690916141
1.29358690916141
2.39445809771323
2.39445809771323
5.09153322555798
5.09153322555798
5.09153322555798
5.09153322555798
6.87723642379423
8.59720906896242
8.59720906896242
10.4283760425597
36.8209971936153
5.29548084955198
5.29548084955198
6.47503958108913
6.47503958108913
6.47503958108913
7.39313924365233
7.39313924365233
7.77422064837529
7.77422064837529
7.74670970285384
7.74670970285384
7.26407676193041
30.3297236787944
5.41870317577556
2.69206007418298
2.69206007418298
2.69206007418298
7.7570148233898
39.6438668789042
20.9757859056667
45.1177568126837
26.8535975507466
26.8535975507466
26.8535975507466
26.8535975507466
23.6668602449751
23.6668602449751
23.6668602449751
17.1041172245306
17.1041172245306
17.1041172245306
17.1041172245306
14.0602866076723
14.0602866076723
14.0602866076723
193.215506561472
3.40385561663498
3.40385561663498
3.40385561663498
3.40385561663498
7.13791398571345
63.9056109732856
11.1496440523571
11.1496440523571
10.7467799369058
8.09839836419062
8.09839836419062
5.71216021069335
5.71216021069335
8.09839836419062
8.09839836419062
8.09839836419062
3.37318847412036
1.41908337826388
1.41908337826388
1.41908337826388
1.41908337826388
1.41908337826388
0.0411731456045998
1.60463413318421
1.36675800250566
1.36675800250566
1.36675800250566
1.36675800250566
2.32887769180109
149.011951591666
7.13791398571345
7.13791398571345
7.24594767804706
5.98314289522695
7.21192382324768
5.98314289522695
3.7201069457131
3.7201069457131
3.7201069457131
0.683377212267711
3.52519682847102
0.683377212267711
0.683377212267711
0.683377212267711
0.683377212267711
0.683377212267711
0.683377212267711
3.52519682847102
3.52519682847102
3.52519682847102
5.98314289522695
5.98314289522695
7.21192382324768
7.21192382324768
7.21192382324768
7.21192382324768
7.21192382324768
7.13791398571345
5.72476256268218
3.50900963910337
3.40385561663498
0.516229163824212
0.516229163824212
0.516229163824212
2.57606671070413
2.57606671070413
73.3445507528508
3.14230888401941
7.44214755232718
7.48690321644477
10.0742929648631
11.0396592287591
32.8917723203301
9.07183633409372
9.07183633409372
8.73187146504223
7.80338946902841
59.1076915678151
3.07961509912837
3.65343984388667
3.65343984388667
3.65343984388667
3.65343984388667
306.235789378991
22.3476467306272
24.6457860007903
22.5275427042698
24.6457860007903
17.442332677263
22.3476467306272
22.3476467306272
22.3476467306272
22.3476467306272
19.9988418078642
19.9988418078642
22.5275427042698
22.5275427042698
24.6457860007903
24.8192115772011
28.0485184107774
24.8192115772011
28.0485184107774
28.0485184107774
28.0485184107774
28.0485184107774
28.0485184107774
29.2651003391293
29.2651003391293
29.2651003391293
28.7863936096413
28.7863936096413
28.7863936096413
27.5790650998914
28.7863936096413
28.7863936096413
27.5790650998914
25.3234950215069
25.3234950215069
25.3234950215069
25.3234950215069
22.1443694589552
22.592833348242
22.592833348242
22.592833348242
22.592833348242
22.1443694589552
18.6864207676399
18.6864207676399
18.1085986177572
9.41402404763289
9.41402404763289
9.41402404763289
9.41402404763289
14.6856704840113
14.6856704840113
14.6856704840113
14.6856704840113
22.1443694589552
22.1443694589552
14.6856704840113
14.6856704840113
14.6856704840113
14.6856704840113
79.8446880309406
3.65343984388667
3.65343984388667
3.96950751898811
4.02773936825939
3.87168171387931
306.896357380603
22.1443694589552
23.0224862080269
22.1443694589552
25.6433161545995
27.5790650998914
25.3234950215069
27.5790650998914
27.5790650998914
27.5790650998914
27.3677592342381
27.3677592342381
28.8827132271705
27.3677592342381
29.2651003391293
28.9611903191721
29.2651003391293
29.2651003391293
28.8906826677303
27.8018205749358
27.8018205749358
26.4759008431941
24.472515231993
24.472515231993
82.156807345567
3.4826456154436
3.4826456154436
3.4826456154436
2.92100070979034
2.28676625918934
2.94839453982358
2.31275914257445
1.6286717516987
2.31275914257445
2.31275914257445
1.6286717516987
2.31275914257445
1.60778046855634
2.26107407205205
1.60778046855634
319.075662619737
8.04330149310446
8.04330149310446
8.04330149310446
4.42176561863164
4.42176561863164
4.42176561863164
4.56170538746598
8.04330149310446
4.42176561863164
4.42176561863164
0.718174594488965
0.835001662660133
0.835001662660133
4.42176561863164
4.42176561863164
4.42176561863164
4.56170538746598
4.42176561863164
4.56170538746598
4.56170538746598
4.42176561863164
4.56170538746598
8.04330149310446
11.3066361510997
17.442332677263
17.442332677263
19.9988418078642
19.8196454293474
19.9988418078642
22.3476467306272
22.3476467306272
22.3476467306272
22.1687303839586
22.1687303839586
22.1687303839586
22.1687303839586
19.8196454294452
138.449020069321
2.35796244354454
2.35796244354454
2.35796244354454
3.00207577423291
3.29130022499126
3.06528242931061
2.17393235891669
2.17393235891669
2.17393235891669
0.613924237627108
0.613924237627108
1.22165831497997
1.22165831497997
3.33744635033817
3.33744635033817
6.2539874445846
6.2539874445846
8.33377375853773
8.65267172103504
8.65267172103504
10.3031788722461
11.7370925106524
10.9356548535854
10.9356548535854
10.9356548535854
8.41247188320055
6.28528233375346
6.28528233375346
2.12729765723942
12.3633018915891
12.3633018915891
12.3633018915891
12.3633018915891
12.3633018915891
12.3633018915891
18.5093085807885
17.260421348176
12.3633018915891
6.90404918073044
9.3284848741354
10.9356548535854
11.3820077410175
11.3820077410175
10.3031788722461
10.3031788722461
10.3031788722461
8.33377375853773
6.2539874445846
4.01320733257777
2.92829110744346
3.09954593255644
2.43556606016293
0.575965038938108
0.328410814005044
0.328410814005044
1.46804728285349
1.46804728285349
1.05554461473235
0.315788734267731
659.298385887136
27.6300210607967
12.2427088094783
12.2427088094783
4.46555604148735
4.82453832351326
86.673258724789
0.410702499159431
0.742931030649884
0.410702499159431
1.07738584636905
1.69847086086366
1.69847086086366
1.69847086086366
1.69847086086366
1.90481166854215
1.90481166854215
1.00763109173446
1.9310103137473
1.00763109173446
0.184189706022534
1.00763109173446
0.184189706022534
1.87402541109105
4.20376751515842
4.20376751515842
4.20376751515842
4.20376751515842
4.20376751515842
4.20376751515842
629.683505303649
4.82453832351326
4.82453832351326
1.27550665472649
4.82453832351326
4.82453832351326
1.51028945224436
5.56207094611984
5.56207094611984
6.98955871708521
5.98631357844377
5.98631357844377
6.98955871708521
6.98955871708521
6.98955871708521
6.98955871708521
2.80422133482049
6.04270829624991
86.5253034006078
0.0643835335654541
0.315788734267731
0.315788734267731
0.315788734267731
0.315788734267731
0.315788734267731
0.315788734267731
0.315788734267731
0.315788734267731
1.05554461473235
1.07059788176803
0.712475219922574
1.07059788176803
1.08567325221122
1.34478984813434
1.34478984813434
1.35567901338407
1.46804728285349
1.46804728285349
1.34495200201863
0.962074927092658
0.962074927092658
0.962074927092658
0.962074927092658
0.497874997585529
0.497874997585529
0.497874997585529
0.497874997585529
0.497874997585529
2.35796244354454
4.20376751515842
7.04255338985549
13.2672309598536
18.5213945738672
18.5213945738672
90.3211156744562
23.7350032497735
26.4925105600628
27.152623128258
27.152623128258
27.8857741937245
19.0133954103133
10.7419223179714
0.216592013469822
0.216592013469822
9.16771190407689
34.8327876129477
34.8327876129477
34.8327876129477
44.1413997537096
44.1413997537096
61.4141696043524
46.7279056103549
19.8250626328973
19.8250626328973
18.8700552055067
27.5038166169341
18.8700552055067
27.5038166169341
34.4752354839078
26.219773046988
29.7400882581858
33.2110236854783
32.3812776752543
34.4752354839078
34.4752354839078
1228.30551268622
1215.3075751652
1422.4324950679
1800.56074270514
1800.56074270514
1268.34945324126
1015.80080981677
273.968449913151
273.968449913151
163.592181905173
163.592181905173
65.8792028210738
65.8792028210738
34.2155502975815
43.0240416305125
28.9480335324898
21.5182241365696
21.5182241365696
45.2251988678869
16.0058192611979
14.1898080358698
11.8973526311978
11.8973526311978
5.87571804576932
2.60153555825862
0.96860647902102
5.66241599045977
11.7853005854768
14.160478900834
113.374446605054
19.902136002797
19.902136002797
19.1201116218674
19.902136002797
15.868901683289
631.509325776762
16.4595619169531
16.1234918683586
16.1234918683586
15.2965897706711
14.0214475511337
4.33372123408149
6.9369480255378
18.8808317415563
33.0219029810109
38.2235864720505
33.8625937037215
12.5420032065914
5.35804745804945
4.92203602959246
5.35804745804945
4.85645224894816
4.85645224894816
21.3426235252744
55.5103206344766
70.0657391186618
54.0279973929972
37.4291000984522
249.550136310869
16.5292788809107
18.1892290445492
15.868901683289
13.0499323502121
13.0499323502121
9.81994952166916
6.8728656055534
4.20376751515842
4.20376751515842
4.20376751515842
4.20376751515842
1.96452942767879
1.96452942767879
0.184189706022534
1.00763109173446
0.184189706022534
1.65479458378214
1.9310103137473
1.90481166854215
1.90481166854215
1.69847086086366
1.40171754029353
1.07314046465971
0.742931030649884
0.315788734267731
0.315788734267731
0.315788734267731
0.697584250284163
1.05554461473235
1.05554461473235
1.46804728285349
1.46804728285349
0.962074927092658
0.962074927092658
0.962074927092658
1.58483335031485
2.43556606016293
143.397891584168
6.32545106576646
4.47726380214624
1.07707117378478
4.14774659202856
4.14774659202856
8.15020215971768
8.60678039985643
5.23252847777723
1.91258690293914
3.13606659067809
344.513993569238
305.067586795852
467.421187297606
467.421187297606
369.403689778063
419.203940633837
358.035382706732
2.61064032059061
2.76456137810485
2.41570955544557
0.694216682438858
0.782980966240194
2.48406895417715
60.179447082029
31.4084550143079
36.8922674683491
45.1681364419306
45.4607433085621
45.4759214043199
45.4759214043199
55.815547406841
11.6216617497011
12.3473844065296
12.2293996657733
10.9143715270177
10.9143715270177
10.9143715270177
5.57731549789543
9.16360253244868
9.16360253244868
15.3882823957349
156.898470251272
156.898470251272
172.987470101799
153.385599364134
176.826391748609
172.987470101799
201.957373182098
223.970823184061
201.957373182098
223.970823184061
223.970823184061
251.544649374619
251.544649374619
251.544649374619
251.544649374619
274.862008142355
274.862008142355
274.862008142355
223.970823184061
223.970823184061
223.970823184061
223.970823184061
223.970823184061
197.707661164045
156.898470251272
153.385599364134
134.833738317775
114.605689839181
114.605689839181
114.605689839181
98.642627147096
81.7300351876154
66.618671919161
33.5234413225733
11.8139645939911
380.054905797212
419.203940633837
459.359838219381
467.421187297606
459.359838219381
506.038491801675
180.78047128593
0.260770379115641
3.98784457636432
6.16334512975453
6.16334512975453
6.38228452720028
6.7692235521202
6.80219470953929
4.5486343150584
5.67505281145531
5.67505281145531
1.04098392331856
1.04098392331856
4.43501370688669
12.0671636475902
22.1918978008566
28.0787358014506
60.4851676656644
81.3797803003611
81.3797803003611
128.743734015346
139.915823341093
152.539283469379
185.103003077885
559.392310176742
459.359838219381
459.359838219381
459.359838219381
467.421187297606
419.203940633837
467.421187297606
419.203940633837
427.307709423372
419.203940633837
419.203940633837
377.450981366496
326.407984425746
326.407984425746
326.407984425746
326.407984425746
326.407984425746
326.407984425746
232.045292744106
150.637094154751
150.637094154751
109.442434359214
78.2270031911871
48.8659350316212
48.8659350316212
28.6574148057112
13.7397602652914
3.84148745605327
3.44896103073745
2.45934744851978
30.435456435897
6.73861156394324
6.32358649196876
6.73861156394324
5.36604622729136
2.9317279864649
2.48523678002326
2.48523678002326
4.48934019739814
3.92008348575959
0.693451553718553
1.21600473375903
2.82153467006087
4.46327103352773
4.07794817686595
3.51889875252995
3.51889875252995
2.5648195568081
70.9944741455006
200.541329417536
193.244191968301
200.541329417536
200.541329417536
207.007589072846
208.272333976808
6.37566643636325
6.15437551416222
5.87748114723049
4.82436193956018
2.22158672335573
3.14078199005266
0.0619006144294898
19.0475968819264
35.7223896991716
57.9430551602493
57.9430551602493
103.6849859125
160.4966840202
180.754559752116
228.617221721101
285.396904784052
285.396904784052
332.556601769339
382.223310113549
428.823445052554
443.158334959465
466.481403487633
360.761578905013
360.761578905013
338.106786911196
338.106786911196
338.106786911196
338.106786911196
338.106786911196
338.106786911196
338.106786911196
314.65444653409
285.396904784052
285.396904784052
256.552512227902
256.552512227902
256.552512227902
206.300098178627
206.300098178627
141.287604260034
164.182286799356
144.637092516136
123.205531345709
123.205531345709
141.287604260034
123.205531345709
144.637092516136
141.287604260034
57.9430551602493
45.4341155201687
15.5233316381488
22.6185783865289
21.8179438537832
20.2339796552389
20.0145962664247
10.9197170108541
10.9197170108541
32.2195367490419
213.858614999823
207.007589072846
213.858614999823
213.858614999823
208.272333976808
242.296610084219
0.293001335183404
0.293001335183404
3.55090347432046
9.778204452728
8.23526012513665
10.8115258725717
10.8115258725717
10.3284708720271
9.18604315257579
7.45940893043288
5.20900811066981
313.848701871295
0.423474564998993
0.423474564998993
0.657008607896564
0.664738704932381
0.908569843433188
1.20211234337754
1.58688823990034
1.58688823990034
78.9121984108699
2084.02142254731
2084.02142254731
3293.972250122
213.858614999823
219.880822833558
213.858614999823
219.880822833558
219.880822833558
219.880822833558
219.880822833558
219.880822833558
219.880822833558
213.858614999823
213.858614999823
213.858614999823
213.858614999823
208.272333976808
208.272333976808
200.541329417536
200.541329417536
200.541329417536
200.541329417536
193.244191968301
185.103003077885
176.147716267362
176.147716267362
156.090348609857
152.539283469379
152.539283469379
152.539283469379
141.663383143935
141.663383143935
130.452827976658
119.056986039513
106.072179694817
106.072179694817
82.6641850141972
71.1583654128702
61.4871880645421
52.4512204515297
52.4512204515297
36.494870116021
17.2832977269751
4.58211254490293
1.60208554942795
2.96976302167946
2.96976302167946
5.66325846774589
6.40031649583027
6.9467502206177
162.440100636768
2084.90431527689
2084.06339846216
2082.01321572264
2074.60053871507
2082.01321572264
2285.68340810071
1201.34475268509
1201.34475268509
1201.34475268509
1201.34475268509
1201.34475268509
1201.34475268509
1193.66916822927
1187.24923011914
1193.66916822927
1187.24923011914
1187.24923011914
1187.24923011914
1178.83369184101
1178.83369184101
1178.83369184101
1178.83369184101
1178.83369184101
1178.83369184101
1177.11475343927
1177.11475343927
1177.11475343927
1177.11475343927
1177.11475343927
1182.56743325918
1182.56743325918
1188.58640752639
1198.69123189621
1209.7846006483
1209.7846006483
1239.07319441017
1223.25106507545
1223.25106507545
1239.07319441017
1283.72077950217
1260.10283337033
1283.72077950217
1283.72077950217
1283.72077950217
1331.19616744075
1360.90733161532
1360.90733161532
1360.90733161532
1388.86778197153
1388.86778197153
1514.14029417085
1514.14029417085
1545.83015163904
1514.14029417085
1514.14029417085
1667.75030628851
1683.98024095737
1683.98024095737
1683.98024095737
1706.2817450661
1706.2817450661
1716.52125776232
1716.52125776232
1712.68812447774
1716.52125776232
1565.82037725091
2084.12430881751
2081.92214449944
2081.83109606107
2081.92214449944
2078.61822075634
2282.14770617486
1684.44613611141
1684.44613611141
1684.44613611141
1684.44613611141
1668.44312792005
1684.44613611141
1684.44613611141
1684.44613611141
1577.67055566115
1547.98038151406
1547.98038151406
1547.98038151406
1516.59310597619
1456.82819587369
1456.82819587369
1456.82819587369
1392.05482896153
1364.13564244109
1364.13564244109
1364.13564244109
1312.8320589341
1286.78472895636
1286.78472895636
1154.58384133353
2069.95880772096
2069.95880772096
2069.95880772096
2069.95880772096
2084.11406446564
2084.11406446564
2081.30185539078
2081.52376808751
2068.90817410517
2068.90817410517
2068.90817410517
2388.99729029811
1273.55621026017
1461.36366769282
599.916652421897
586.199554937303
586.199554937303
574.270283772706
559.181353493422
541.421425441805
525.92573660525
527.778007164674
509.756337906599
473.15880720095
455.178945667235
455.178945667235
418.278701148831
335.438943292988
1200.48514945294
1189.96015830394
1189.96015830394
1189.96015830394
1178.80722066018
1177.10818351612
1177.10818351612
1180.50283212592
1185.94704568122
1185.94704568122
1181.32553901945
1185.94704568122
1185.94704568122
1185.94704568122
1185.94704568122
1193.66916822927
1193.66916822927
1201.34475268509
1193.66916822927
1203.46007110745
1241.7518890705
1225.67202980356
1225.67202980356
1209.7846006483
1336.9559466061
953.122906080864
424.143926750736
472.591968925227
492.950390576947
492.950390576947
517.462243871055
517.462243871055
536.102057179785
536.102057179785
536.102057179785
574.703045770621
590.540265157596
590.540265157596
608.512157553246
590.540265157596
605.486754511784
649.135706153774
725.122899849031
107.811673604988
156.11423930374
160.068233714394
183.618584591672
183.618584591672
211.668327079152
211.668327079152
236.248748308959
236.248748308959
236.248748308959
264.409157492599
288.71076913518
346.573429632862
101.255866184274
101.255866184274
118.977335759826
40.3404785117311
21.6365440876915
20.785436234846
19.7860550618755
18.8307342294428
18.8307342294428
18.8307342294428
31.7249677167736
16.0854101110474
17.7907943125144
16.803189477627
15.7768554338919
14.6246068432705
13.3641230848197
14.6246068432705
11.9544727666112
11.9544727666112
10.4527672694782
10.4089232509965
10.4089232509965
10.4089232509965
8.61991850738584
10.4089232509965
10.3655109692401
8.61991850738584
8.61991850738584
41.167549172901
899.567880749715
899.567880749715
894.787524779126
879.651378498027
873.73559580646
1528.51600062954
10.4089232509965
10.4089232509965
8.61991850738584
10.4089232509965
10.4089232509965
10.4089232509965
10.4089232509965
10.4089232509965
10.4089232509965
10.4089232509965
10.4089232509965
10.4089232509965
13.3641230848197
13.3641230848197
13.3641230848197
14.6246068432705
14.6246068432705
16.7425693784152
17.7907943125144
19.7860550618755
19.7860550618755
20.706187602463
22.3749672346109
33.7173205316984
863.460838928122
854.310902445944
842.056039195193
831.63680403392
831.63680403392
820.843921766953
806.724797967752
792.207423878947
792.207423878947
755.801648948839
755.801648948839
752.615880893544
752.615880893544
739.850404549478
731.323282595049
728.783972975725
728.783972975725
717.025555517057
713.96380507648
717.363155185623
713.364865272703
717.363155185623
715.793915970117
713.364865272703
732.062964116897
732.062964116897
732.062964116897
748.517440076709
748.517440076709
748.517440076709
732.062964116897
720.790412660589
726.427142713245
713.396993778354
713.396993778354
713.396993778354
754.527013562069
315.805280274875
274.682753268894
315.805280274875
315.805280274875
315.805280274875
373.473068064166
373.473068064166
395.726001001494
395.726001001494
395.726001001494
664.164815201004
22.3749672346109
22.3749672346109
23.5249211748597
23.4114209007952
23.0114485058217
22.4545209480549
106.501100317719
91.4868466373206
89.2024712333217
23.6473502479444
23.6473502479444
21.0639257192908
21.0639257192908
21.0639257192908
21.0639257192908
21.0639257192908
15.0230679824925
15.0230679824925
15.0230679824925
15.0230679824925
0.572686354760604
8.98865847745175
57.628541074571
12.1418220412368
10.8583787849631
9.77910253831505
11.9076888605606
1.34592978156627
1.34592978156627
1.39068184602561
1.33078303027846
1.33078303027846
1.33078303027846
1.17373427380507
1.17373427380507
1.15125935495784
1.15125935495784
1.15125935495784
1.23339029880508
1.23339029880508
1.37471129523204
1.61086242558253
1.61086242558253
1.82168301877556
1.82168301877556
1.86435010448825
24.9201854902688
10.5293690519821
9.85803834527187
26.3876113559539
1.90315020232711
60.6098008477217
2.45019292718597
0.112009003958882
1.52166779319241
5.06897402109056
2.65157476563422
3.21431051004062
3.18071352664955
44.4008041496258
0.118604514820367
0.118604514820367
0.118604514820367
0.118604514820367
74.1546765918564
21.6350717771716
20.9608862894171
20.1328435146918
19.1831008274946
18.43889662856
356.37021451038
0.47951420284646
0.47951420284646
0.47951420284646
0.385541462025424
0.385541462025424
0.323623279194567
0.385541462025424
0.36527390057447
0.36527390057447
0.36527390057447
0.36527390057447
0.36527390057447
0.518300236153259
0.518300236153259
0.518300236153259
0.518300236153259
0.930587963593002
437.145862566581
2.29618055305016
2.97256277486883
2.88822375197753
2.88822375197753
2.88822375197753
95.3142155861732
16.6865263152823
16.6865263152823
16.6865263152823
15.3101840828273
14.5073456419584
14.5073456419584
13.3478700268334
12.0831913493145
9.98792798192323
5.28502809048568
7.20917142961314
11.3005740866547
8.90828551064665
8.90828551064665
8.90828551064665
3.61230250482233
3.61230250482233
12.2412714056689
12.2412714056689
12.2412714056689
12.2412714056689
18.5953772297401
28.5150303175202
37.191052215631
37.191052215631
50.240275571024
37.191052215631
50.240275571024
64.7431647186382
64.7431647186382
64.7431647186382
87.3222613415371
91.4868466373206
91.4868466373206
91.4868466373206
91.4868466373206
91.4868466373206
91.4868466373206
91.4868466373206
91.4868466373206
120.221341977541
106.501100317719
106.501100317719
106.501100317719
91.4868466373206
91.4868466373206
106.501100317719
235.555176156774
2.88822375197753
2.88822375197753
2.88822375197753
2.88822375197753
6.94895591219743
188.088613949085
32.8261334831551
41.0049531036912
49.9542407791452
49.9542407791452
49.9542407791452
49.9542407791452
49.9542407791452
49.9542407791452
89.7843815849177
65.8792028210738
89.7843815849177
89.7843815849177
89.7843815849177
89.7843815849177
89.7843815849177
89.7843815849177
89.7843815849177
89.7843815849177
89.7843815849177
116.298928256112
89.7843815849177
89.7843815849177
89.7843815849177
89.7843815849177
116.298928256112
65.8792028210738
65.8792028210738
49.9542407791452
49.9542407791452
89.7843815849177
65.8792028210738
49.9542407791452
65.8792028210738
65.8792028210738
65.8792028210738
65.8792028210738
52.7345002644801
52.7345002644801
49.9542407791452
49.9542407791452
52.7345002644801
49.9542407791452
43.0240416305125
43.0240416305125
43.0240416305125
43.0240416305125
27.890023710302
27.890023710302
84.6242268884456
27.1357334320501
24.419132459058
24.419132459058
24.419132459058
20.7391946685104
20.7391946685104
20.7391946685104
20.7391946685104
20.5335895356132
20.1375544151317
900.892230586782
6.94895591219743
5.10511133551837
0.525418273328324
0.525418273328324
0.525418273328324
109.378085320734
20.0763811974007
19.3981910711519
19.3981910711519
13.5856134083831
11.3303414310833
11.3303414310833
9.31391573064096
9.31391573064096
35.5854865678837
2.16209562013155
2.96206993582917
3.54602668034886
3.54602668034886
3.54602668034886
3.9251928097624
3.54602668034886
3.54602668034886
3.9251928097624
3.9251928097624
4.03707419931553
4.03707419931553
3.91689784350883
3.91689784350883
1487.41639836656
6.34643564386654
13.6570215602546
22.0708676949884
29.4566201965823
29.4566201965823
34.2375041748646
36.2440995278211
36.2440995278211
34.8101173518669
12.5287775219168
12.5287775219168
12.5287775219168
12.5287775219168
22.5118818148434
13.6405833983592
2.88441559199466
12.5287775219168
7.52317529203977
7.52317529203977
15.3514965780248
15.3514965780248
21.7908367967229
24.9403510440622
24.9403510440622
24.9403510440622
21.2617124949977
21.2617124949977
14.7776776955078
6.22967032736916
9.05794943058707
0.073053786139495
9.05794943058707
9.05794943058707
9.05794943058707
1.42855584924537
6.14522119298324
14.0491792379275
14.0491792379275
14.0491792379275
20.9227116033081
20.9227116033081
18.7438885206373
18.7438885206373
167.394470565252
27.890023710302
27.890023710302
88.7933760554333
3.55490420299112
3.55490420299112
3.55490420299112
3.03140356301069
3.03140356301069
3.03140356301069
31.7390137171909
32.2174622324716
32.2174622324716
30.5357504005181
28.245817789695
28.245817789695
28.245817789695
25.4587479030016
25.4587479030016
25.4587479030016
25.4587479030016
21.7414540865319
25.4587479030016
23.3113890899888
21.7414540865319
21.7414540865319
21.375764981884
21.375764981884
23.9058291839508
23.9058291839508
23.9058291839508
23.9058291839508
23.9058291839508
28.7038358368794
28.7038358368794
39.4500424488385
39.4500424488385
39.4500424488385
39.4500424488385
30.6092087971437
39.4500424488385
30.6092087971437
30.6092087971437
24.9650690684586
21.4898698645966
21.4898698645966
21.4898698645966
21.4898698645966
21.4898698645966
21.4898698645966
23.3113890899888
23.3113890899888
23.3113890899888
45.543177073542
33.1229473159736
33.1229473159736
29.1471268787028
21.5023428513917
36.799891644126
14.2823340442687
23.6793910433705
1.39264114227928
1.39264114227928
1.39264114227928
15.6124948809039
19.9901083093543
19.9901083093543
23.4074859704334
24.637846500465
10.8279786145643
1.67145480828892
1.69335661249519
1.67145480828892
1.67145480828892
1.67145480828892
14.7009277615403
16.3721318974969
8.4261828709631
3.90748918097165
4.03707419931553
3.9024031910451
3.57863189124922
3.03140356301069
2.36564821182093
2.36564821182093
1.69335661249519
2.36564821182093
1.69335661249519
1.05248271933336
1.05248271933336
1.05248271933336
0.226004395997171
0.231692191108756
0.545757094840636
1.05248271933336
1.05248271933336
1.05248271933336
0.553974413190126
1.05248271933336
1.05248271933336
1.67145480828892
1.05248271933336
1.05248271933336
1.05248271933336
1.05248271933336
1.05248271933336
0.553974413190126
1.05248271933336
1.05248271933336
1.05248271933336
1.05248271933336
1.05248271933336
1.05248271933336
1.67145480828892
1.05248271933336
1.67145480828892
1.67145480828892
2.36564821182093
3.00360484505074
3.03140356301069
3.9024031910451
4.03707419931553
4.03707419931553
4.03707419931553
3.9251928097624
2.89956337857967
2.07403346428905
1.02625475432997
0.4141754587489
2.19929229395015
0.4141754587489
0.4141754587489
0.4141754587489
0.4141754587489
6.62995502049601
6.62995502049601
9.17978830154989
9.17978830154989
11.9856882557655
15.4640629793466
15.4640629793466
18.6018600337872
18.6018600337872
25.1584657862559
28.1767910464819
28.1767910464819
30.5044730824974
31.7390137171909
1.05248271933336
1.05248271933336
0.545757094840636
1.69335661249519
1.69335661249519
1.69335661249519
15.9502802230414
15.9502802230414
19.1147041224923
22.2314881825344
25.1584657862559
28.1767910464819
25.1584657862559
28.1767910464819
28.1767910464819
30.5044730824974
31.8990132145694
31.8990132145694
31.8990132145694
31.8990132145694
31.5392678386369
32.2181057688394
31.7446144159361
29.7752422643988
29.7752422643988
31.5506581634505
32.1827223640805
32.1827223640805
25.4587479030016
25.4587479030016
25.4587479030016
25.4587479030016
21.7414540865319
23.3113890899888
21.7414540865319
21.7414540865319
23.053313918309
23.053313918309
23.053313918309
23.053313918309
23.053313918309
23.053313918309
27.0682846616453
27.0682846616453
33.9264868323236
23.053313918309
23.053313918309
28.7038358368794
68.230409340416
33.9264868323236
68.230409340416
28.7038358368794
23.053313918309
23.3113890899888
23.3113890899888
23.3113890899888
26.0108415389834
28.245817789695
28.245817789695
30.5357504005181
31.7446144159361
32.2174622324716
31.7390137171909
31.7390137171909
31.7390137171909
1.69335661249519
1.06771448959089
1.06771448959089
1.06771448959089
1.06771448959089
1.69335661249519
28.5960876314185
25.6497113807951
25.6497113807951
22.750858278102
22.750858278102
15.4640629793466
15.4640629793466
15.4640629793466
11.9856882557655
9.17978830154989
6.62995502049601
1.99450207288208
1.99450207288208
2.19929229395015
0.4141754587489
0.904714269491856
2.07403346428905
2.07403346428905
2.07403346428905
2.07403346428905
3.58375349599562
3.9251928097624
3.9251928097624
3.9251928097624
1.69335661249519
1.69335661249519
1.69335661249519
1.69335661249519
2.39254432765568
1.69335661249519
2.36564821182093
3.03140356301069
3.03140356301069
3.03140356301069
3.03140356301069
3.55490420299112
3.55490420299112
3.55490420299112
3.9024031910451
3.9024031910451
3.9024031910451
3.9024031910451
3.9024031910451
3.90748918097165
3.90748918097165
3.90748918097165
3.90748918097165
3.90748918097165
3.90748918097165
3.50629219990219
2.89956337857967
1.98270700627192
2.07403346428905
2.07403346428905
2.07403346428905
0.904714269491856
0.904714269491856
0.4141754587489
2.19929229395015
2.19929229395015
2.19929229395015
2.19929229395015
2.19929229395015
2.19929229395015
9.5605965716365
6.31473830215151
6.31473830215151
6.62995502049601
9.17978830154989
9.17978830154989
12.4190444683703
12.4190444683703
3.9251928097624
13.2650654366624
0.425586146612177
0.39191497079519
0.39191497079519
0.345721563495165
7.58467128583458
9.18437562859098
9.18437562859098
10.6182027490139
10.8011832651144
12.9801857146288
12.8658482816804
13.5794440383686
13.5794440383686
14.0333878173469
14.0333878173469
14.7481766654361
14.6678396787541
15.3419652351143
15.3419652351143
18.1504931365894
20.9046323663349
20.9046323663349
20.9046323663349
20.9046323663349
20.9046323663349
27.365636156369
27.365636156369
32.1607831055968
32.1607831055968
32.1607831055968
32.1607831055968
36.0596168392613
36.0596168392613
39.5216694123355
23.8687720967794
20.9046323663349
23.8687720967794
20.9046323663349
20.9046323663349
20.9046323663349
20.9046323663349
20.9046323663349
20.9046323663349
20.9046323663349
18.5599973236368
18.5599973236368
15.3419652351143
16.3084057346081
15.3419652351143
15.3419652351143
15.3419652351143
13.9787928131565
13.9219871004624
13.4986064375106
11.817009675408
11.817009675408
11.817009675408
10.4331869747198
10.4331869747198
8.98236810958959
8.98236810958959
5.33938119041435
5.71968234614062
5.71968234614062
0.345721563495165
0.345721563495165
0.345721563495165
0.332852902181915
0.332852902181915
0.355708552606602
3.94506782632291
2.53016204623162
29.6518235806766
25.4961478029526
25.4961478029526
25.0082547927197
25.0082547927197
25.0082547927197
25.4622562167276
23.5889086655861
20.2745056608073
9.41118484456831
6.64995659803253
18.1102798089802
42.969540816989
1873.8169132974
68.5658113641903
55.5103206344766
55.5103206344766
67.5581543714312
54.0279973929972
19.6017111711663
54.0279973929972
88.2131429490262
0.355708552606602
0.36924646620865
0.355708552606602
0.36924646620865
0.36924646620865
0.36924646620865
0.294223256503396
0.294223256503396
0.294223256503396
0.294223256503396
0.294223256503396
0.294223256503396
0.294223256503396
0.294223256503396
0.294223256503396
0.294223256503396
0.36924646620865
0.294223256503396
0.36924646620865
0.294223256503396
0.355708552606602
0.355708552606602
0.355708552606602
0.355708552606602
0.332852902181915
0.332852902181915
0.345721563495165
0.345721563495165
0.345721563495165
0.345721563495165
0.345721563495165
0.425269532226464
0.425269532226464
0.0857110462501975
0.36154574728322
0.425586146612177
0.36154574728322
0.36154574728322
0.36154574728322
0.0857110462501975
0.4415394387804
0.4415394387804
0.4415394387804
1.27062328489869
2.39875343402563
3.94506782630734
3.94506782632189
