-0.00166724288714301
-0.00151663555114498
-0.00161714033022017
-0.00169977451466816
-0.00119878079859279
0.00298720698628122
0.00218963914998196
0.00186795359529027
0.00151200416110844
0.00120420169198679
0.000891582370586314
0.00015991629779824
0.00015991629779824
0.00015991629779824
-0.00052183799779501
-0.000880197613851358
-0.000880197613851358
-0.00119878079859279
-0.00161735714498187
-0.00169766790309675
-0.00169766790309675
-0.00169248100269956
-0.00162146483521783
-0.00152026741135489
-0.00162146483521783
-0.00152026741135489
-0.00148112758135741
-0.00166182392080602
-0.00204254561490588
-0.00204254561490588
-0.00204254561490588
-0.00262142146965902
-0.00423576289060565
-0.00337821219961784
-0.00510687233440374
-0.00587527499108051
-0.00641193735322107
-0.00586213592156457
-0.00640141946958148
-0.00664194895263068
-0.00664194895263068
-0.0412447469982125
0.00195683645138885
0.0389016503719916
0.0292053508493875
-0.00367909947228859
-0.00264448820732041
-0.00270147646227634
-0.00264448820732041
-0.00124979859545823
-0.00116719465139822
-0.00116719465139822
-0.00116719465139822
-0.00116719465139822
-0.00116719465139822
-0.00116719465139822
-0.00116719465139822
-0.00116719465139822
0.00042026907303197
0.00042026907303197
0.00042026907303197
-0.00116719465139822
-0.00116719465139822
-0.00264448820732041
-0.0378695371312204
-0.000215658452747597
0.000851890991279497
0.00182160616671437
0.00218963914998196
0.00292724197946695
0.0391609182923865
-0.00264448820732041
-0.00264448820732041
-0.00264448820732041
-0.00367909947228859
-0.00367909947228859
-0.00412545512305804
-0.00319341433777295
-0.00394864144877125
-0.00394864144877125
-0.00319341433777295
-0.00319341433777295
-0.000336263129872866
-0.000336263129872866
0.00143144950131416
0.00143144950131416
0.00476965986389602
0.00476965986389602
0.00607755492184972
0.00700955708894882
0.00758623914516002
0.00724187285336478
0.00726545768404877
0.00662041234977687
-0.0295730513236701
0.00414321992644032
0.00414321992644032
0.0029475996564067
0.0015513256460761
0.0010760380906302
0.000542138371896123
0.00101224200563058
0.00146299825923327
0.00202638514943279
0.00199242207584374
0.000646328113080991
0.000646328113080991
-5.32744103785843e-05
-0.000323278385311404
0.000283291176216643
0.00458034278286559
0.000283291176216643
-0.000420820253177773
0.000845837945531308
0.00135361404252668
0.00135361404252668
0.00199242207584374
0.00199242207584374
0.00199242207584374
0.00202638514943279
0.00177481004126148
0.00177481004126148
0.00204798301989731
0.00199242207584374
0.00199242207584374
0.00199242207584374
0.00146299825923327
0.00111524335420091
0.00122295775130224
0.000800091219033711
0.000800091219033711
0.000514283838986579
0.00065792648502741
0.00065792648502741
0.0010760380906302
0.00224887183510139
0.00224887183510139
0.00344474334262626
0.00383996521573918
0.00416327780944284
0.00416327780944284
0.00365970683571573
-0.084727659741354
0.00789372242486411
0.0376140598807278
0.00618478764410418
0.00729655857496097
0.0070331914491713
-0.0810294308600287
0.0164154923954309
-0.0250606010144391
-0.0188095565282691
-0.0032809624377361
-0.00125031990925636
-0.0032809624377361
-0.00125031990925636
-0.00125031990925636
-0.00125031990925636
-0.00125031990925636
-0.00125031990925636
-0.00125031990925636
-0.000641762072082858
-0.00125031990925636
-0.000641762072082858
5.75213356810711e-05
5.75213356810711e-05
5.75213356810711e-05
5.75213356810711e-05
5.75213356810711e-05
5.75213356810711e-05
5.75213356810711e-05
5.75213356810711e-05
5.75213356810711e-05
0.00043148526870132
0.00043148526870132
0.000713522530347871
0.000713522530347871
0.000713522530347871
0.000713522530347871
0.000713522530347871
0.00107476689747868
0.00107476689747868
0.00107476689747868
0.0015063185003388
0.00188725575706064
0.00189564629887931
0.00189564629887931
0.00210663118076829
0.00201143708785059
0.00201143708785059
0.00201143708785059
0.00210663118076829
0.00210663118076829
0.00210663118076829
0.00201143708785059
0.00210663118076829
0.00148315413484104
0.000472907466687628
-0.000994564205885257
-0.00457179395576121
-0.00457179395576121
-0.00457179395576121
-0.00457179395576121
-0.00618504266137629
-0.00722826939877061
-0.00722826939877061
-0.00722826939877061
0.0981648381020384
0.00705272419503649
0.0246652486569365
0.0123696204624339
0.0112878669562084
0.0112878669562084
-0.111999804276692
-0.00690474226337409
-0.00540354669450169
-0.00338263562751992
-0.00540354669450169
-0.00540354669450169
-0.00540354669450169
-0.00338263562751992
-0.00116621270842573
-0.00116621270842573
-0.00540354669450169
-0.00116621270842573
-0.00116621270842573
-0.00116621270842573
-0.00116621270842573
-0.00116621270842573
-0.00116621270842573
-0.00116621270842573
-0.00116621270842573
0.000907051265694375
-0.00116621270842573
-0.00116621270842573
-0.0032499989210841
-0.00338263562751992
-0.00102150895057315
0.117884124538398
-0.0255295710242558
0.00172212925149595
0.00191094153182036
0.00201221602269741
0.00200667349854045
0.00193162376852052
0.00180458983163256
0.00166218551295061
0.00152738031351896
0.00133147162123515
0.00133147162123515
0.00133147162123515
0.00123100749840632
0.00123100749840632
0.00123100749840632
0.000852937793388131
0.000852937793388131
0.000134653396639317
-0.000302438594667498
-0.000721281157028519
-0.0359463300807285
0.00053179729293755
0.00053179729293755
-0.00028768321132451
-0.00112688245081256
-0.00191690364989268
-0.00191690364989268
-0.00191690364989268
-0.0018836875919956
-0.00319668560402815
-0.00319668560402815
-0.00319668560402815
-0.00367201730885865
-0.00367201730885865
-0.0216970674849617
-0.00369009099431539
-0.00448116349045558
-0.00448116349045558
-0.0220936879523556
0.0185896320154852
-0.0228928352031864
0.0180727839070349
-0.00677334188122681
-0.00677334188122681
-0.0243858663431268
0.0164154923954309
-0.00677334188122681
0.151739378275573
0.00446153861041723
0.00332450751930538
0.00197337352698093
-0.000358999165314761
-0.000358999165314761
0.033807906215138
0.0369661019428201
0.0234080869158256
0.0407708599577622
0.0369661019428201
-0.0264531937643803
-0.00768591618652588
-0.00786557362022018
-0.00760455009567602
0.0104504002840602
0.00545429156223556
-0.0121582328997644
-0.00644551858109717
-0.00644551858109717
-0.00644551858109717
-0.00614935806026269
-0.00609624003171279
-0.00630104746919331
-0.00687489166785023
0.0107376327941498
-0.0137576607650531
0.0103342099861368
0.00098293059486701
-0.0175756810235225
-0.00638960987303046
0.012049638659089
-0.00213857806906723
-0.00298120981300307
-0.0205937342750031
0.0127087716443302
-0.00314801770533932
-0.0207605421673393
-0.00514439238617088
-0.00513382370609046
-0.0049805984416726
0.0129341291702949
0.00350680950514318
0.00469771359129958
-0.0118381846414477
2.61314329732948e-05
0.000662047208781311
0.000872892365597885
0.000176669850971131
-0.00223562483665392
0.0153768996253461
-0.0207856965346058
-0.00520397498360632
-0.00796536264915178
0.0801532926974643
0.000857634635473475
0.00111429668565552
0.00111429668565552
0.00333070144566658
0.00494262709427726
0.00494262709427726
0.00494262709427726
0.00786059645537182
0.00786059645537182
0.00831133625139077
0.00831133625139077
-0.0634581868364052
-0.0021894572937193
-0.00275774776783286
-0.0021894572937193
-0.00275774776783286
-0.00314801770533932
0.0673020801416607
0.00699191101059479
0.00438717991265544
0.00128309927815326
-0.00207860356946679
0.00128309927815326
0.00128309927815326
-0.00250763328959583
0.00128309927815326
0.00128309927815326
0.00128309927815326
0.00128309927815326
0.00128309927815326
0.00470731626261642
0.00699191101059479
0.00438717991265544
0.00438717991265544
0.00831133625139077
0.00699191101059479
0.00857405484685589
0.00786059645537182
0.00655246952321117
0.00655246952321117
0.00482096694318432
-0.0672200777558243
-0.00328322738282913
-0.00328322738282913
-0.00298120981300307
-0.00298120981300307
-0.00298120981300307
-0.00196447124751173
-0.00196447124751173
-0.00196447124751173
-0.00069550270876248
-0.000570000406082433
0.000178205451864893
0.000178205451864893
0.00201516892968237
0.00311854292692318
0.0040551985397044
0.0040551985397044
0.00516894964237083
0.00617299642253991
0.00634186299891895
0.00705380381661549
0.00735857717640045
0.00674102846452976
0.00274547111017889
0.00274547111017889
0.000114805874399632
-0.000340630616522536
-0.000340630616522536
-0.000225998296550206
-0.000225998296550206
-0.000225998296550206
0.00229344412920043
0.00229344412920043
0.00229344412920043
0.00428600388316761
0.00610907388154794
0.00610907388154794
0.00714144082248816
0.00428600388316761
-0.0309390450407324
0.00135361404252668
-0.0338714348811733
0.0047966132448745
-0.00695449226904517
-0.00695449226904517
-0.00695449226904517
0.0452095679240615
0.0679651226374319
-0.175345616491078
-0.00338263562751992
-0.00338263562751992
-0.00338263562751992
-0.00540354669450169
-0.111078693466002
-0.00755821372708415
-0.0607158437962156
-0.00817324181820167
-0.00270951018686683
-0.00294689755820388
0.000518228806077214
0.000518228806077214
0.00376542742792241
0.00376542742792241
0.00419610089070366
0.00337144262499711
0.00337144262499711
0.00337144262499711
0.00211151814904431
0.000200403027233786
0.000200403027233786
-0.00609351445137163
-0.0107488155921396
-0.0107488155921396
0.0186770611512994
-0.0332501450726515
0.0371999527743485
-0.00287475632508813
-0.00287475632508813
-0.00494497771442678
-0.00494497771442678
0.0126675467475732
-0.000720098081020679
-0.000720098081020679
-0.000720098081020679
-0.000720098081020679
-0.000761106401964126
-0.000761106401964126
-0.000720098081020679
-0.000760790663709029
-0.000761106401964126
-0.00072104521713777
-0.00072104521713777
-0.00072104521713777
-0.00072104521713777
-0.000709463047796829
-0.000709463047796829
-0.00072104521713777
-0.000863432831558639
-0.00121908198657537
-0.00121908198657537
-0.00121908198657537
-0.00108573908080943
-0.00110483689964334
-0.00110483689964334
-0.00159638289549301
-0.00110483689964334
-0.00159638289549301
-0.00232310514067423
-0.00232310514067423
-0.00312620798180129
-0.00386933026553991
-0.00232310514067423
-0.00301031528072991
0.0322147336427701
-0.00540354669450169
-0.0075103086689616
-0.0075103086689616
-0.0075103086689616
-0.0075103086689616
-0.00725081420951421
-0.0397968428792612
-0.00366207287424623
-0.00426769903935019
-0.00386933026553991
-0.00386933026553991
-0.00386933026553991
-0.00386933026553991
-0.00386933026553991
-0.00232310514067423
-0.00232310514067423
-0.00232310514067423
-0.00376719094241439
-0.00312620798180129
-0.00301031528072991
-0.00232310514067423
-0.00301031528072991
-0.00301031528072991
-0.00232310514067423
-0.00301031528072991
-0.00232310514067423
-0.00232310514067423
-0.00232310514067423
-0.00232310514067423
-0.00232310514067423
0.0329019437828258
-0.00618504266137629
-0.00457179395576121
-0.00275662313129674
-0.00275662313129674
-0.000983865542449197
-0.0347521414568124
-0.000486749425056429
-0.000361322113529225
-0.00032486545158926
-0.00032486545158926
-0.00032486545158926
-0.000465716251073486
-0.000465716251073486
-0.000951263243941666
-0.00114991263435969
-0.00114991263435969
-0.00122703429940672
-0.00112774323289665
-0.0536896830446189
0.00478385083262062
0.00478385083262062
0.00478385083262062
-0.0128286736293794
-0.00338312893414522
-0.00549765123883866
-0.0095447176703149
-0.0095447176703149
-0.0095447176703149
-0.0110728799653869
-0.0118773914051739
-0.0118773914051739
-0.0118773914051739
-0.0118773914051739
-0.0118773914051739
-0.0111293662904381
-0.0118773914051739
-0.0118773914051739
-0.0118773914051739
-0.0118773914051739
-0.0118773914051739
-0.0118773914051739
-0.0110728799653869
-0.0118773914051739
-0.0110728799653869
-0.0110728799653869
-0.0095447176703149
-0.0095447176703149
0.358790133733613
0.00323002009117576
0.0018526785945264
0.000862939382214906
0.00245973012644871
0.00134507008505888
0.00245973012644871
0.0179692158878867
0.0223943442839817
0.0197126213921722
0.0113229600037355
0.0113229600037355
0.0037541221520497
-0.00227708669080987
-0.00227708669080987
-0.00362773101198269
-0.00307413122417391
-0.00200690744734136
0.000120186282430795
0.00115688504256947
0.00213017884458341
0.00209369304797011
0.00178514574270369
0.0012752697063961
-0.000197147272982617
-0.00129715155348489
-0.00129715155348489
-0.00129715155348489
-0.00130602858241194
0.000268123567169626
0.00169465329480598
0.00520845118278732
0.003254732429785
0.00520845118278732
0.00720726608191544
0.0090072765571497
0.0105183896689921
0.0105183896689921
-0.0407998699585328
0.00719295501864783
0.00423052465807741
0.00422145545119149
0.00188606660098214
0.00121353160090967
0.00096435522796659
0.00172489522777466
0.00172489522777466
0.00172489522777466
0.00254672674767845
0.00421338423819398
0.00421338423819398
0.00421338423819398
0.00446324464788786
0.00446324464788786
0.00245913411056511
5.36201202503694e-05
-0.00323727573391538
-0.00323727573391538
5.36201202503694e-05
0.00245913411056511
-0.00323727573391538
-0.00759301680526045
-0.00356464754537208
-0.00356464754537208
-0.00356464754537208
-0.00323727573391538
0.0496002976510846
0.0059014217222165
0.00958531303618013
0.010982402509852
0.0120394746927102
0.0090072765571497
-0.0437753796729272
-0.00323727573391538
-0.00323727573391538
-0.00719351927039932
5.36201202503694e-05
5.36201202503694e-05
5.36201202503694e-05
5.36201202503694e-05
0.0039682114631894
0.0039682114631894
0.0039682114631894
0.00446324464788786
0.00418532164125621
0.00347326988336041
0.00258215338262138
0.00258215338262138
0.00114530284805062
0.00096435522796659
0.00096435522796659
0.00189171531880808
0.00121962781981713
0.00189171531880808
0.0029251804248254
0.0029251804248254
0.0570680980430774
0.00529683854627602
0.000268123567169626
0.000268123567169626
-0.00132684546988263
-0.000862853598744634
0.000398666724674784
0.00172840486919287
0.00214627028334266
0.00115688504256947
-0.00219456902247775
-0.00292852284388037
-0.00352188472798201
-0.00283034048605782
0.00158360757922668
0.00935697582896342
0.0142798150244841
0.0240303238708469
0.0244655571353741
0.0208762890705701
0.0176788590141955
0.00848600286814669
-0.00335705206111694
-0.00335705206111694
-0.00554629792131625
-0.00343526406232134
0.00245450559256052
0.00245450559256052
0.00245450559256052
-0.000418072508604622
-0.000418072508604622
0.00245450559256052
0.00120392277405176
0.00120392277405176
0.00120392277405176
-0.0014105850302121
-0.0014105850302121
-0.00518212576411639
-0.0048705232301062
-0.00261499122453959
-8.63897292671667e-06
-8.63897292671667e-06
0.0138850300980492
0.0138850300980492
0.0176788590141955
0.023649935585358
0.023649935585358
0.023649935585358
-0.274947358715626
-0.00168533910800293
-0.00116756819793261
-0.000752443176280634
-0.000752443176280634
-0.000752443176280634
-0.0182957545632547
-0.0102549153166284
-0.0102549153166284
-0.0102549153166284
-0.0102549153166284
-0.0102549153166284
-0.0102549153166284
-0.0102549153166284
-0.0102549153166284
-0.000172331685056343
-0.000172331685056343
-0.00479778631292135
-0.00763400301686176
-0.0043407636854704
-0.00479778631292135
-0.000172331685056343
-0.0043407636854704
-0.0043407636854704
-0.000172331685056343
-0.000172331685056343
-0.000172331685056343
-0.0043407636854704
-0.00763400301686176
-0.00763400301686176
-0.0983175376256284
-0.0044148871879035
-0.00985722229556729
-0.000910798605511909
-0.000910798605511909
-0.000910798605511909
-0.000910798605511909
-0.000910798605511909
0.000936738091501743
0.000936738091501743
0.00176816214986331
0.00176816214986331
0.00176816214986331
0.00039198917427874
-0.00207703834507833
-0.00207703834507833
-0.00111575385474372
-0.00111575385474372
0.000711764619235167
0.000850430581972317
0.000319829871515465
0.000693478909069567
0.00155765124002261
0.00194064772314095
0.00158961684614822
-0.00280701223253677
-0.00280701223253677
-0.0049349562774712
-0.00762363520610276
-0.0123923637594372
-0.0147984649698858
-0.0166352420829379
-0.0175453803124113
-0.0170683944488295
-0.0151654594638393
-0.0170683944488295
0.0879583846610139
-0.000683230101254692
-0.000683230101254692
-0.000683230101254692
-0.00108573908080943
-0.00108573908080943
-0.106964239947901
-0.0155766388136114
-0.00893426980753476
-0.00893426980753476
-0.00893426980753476
-0.00893426980753476
-0.00555956020310178
-0.00555956020310178
-0.00183887828859519
-0.00183887828859519
0.00018245075823109
-0.000600803643951986
-0.000600803643951986
-0.000600803643951986
-0.000600803643951986
-0.000600803643951986
-3.93088923211771e-06
-0.000600803643951986
-0.000600803643951986
-0.000600803643951986
-3.93088923211771e-06
-3.93088923211771e-06
-0.000600803643951986
-0.00246797603698234
0.100115586567898
-0.00146373574071633
-0.00138326483004712
-0.00123214871305487
-0.0010250122332429
-0.000863432831558639
-0.000863432831558639
-0.000710047422876711
-0.000709001073581503
-0.000719967656146223
-0.000709463047796829
-0.000719967656146223
-0.000751093916760523
-0.000760790663709029
-0.000720098081017126
-0.000720098081017126
-0.000488558191805252
-0.000720098081017126
-0.000622650633915298
-0.000487647764036522
-0.000361322113529225
-0.000361322113529225
-0.000361322113529225
-0.000294327581418882
-0.000294184725144517
-0.000328331310902583
-0.00046944351469301
-0.000700724241298842
-0.000700724241298842
-0.000959145572299688
-0.00115573311304894
-0.00115573311304894
-0.00110618796298277
-0.00115573311304894
-0.00110618796298277
-0.000368670736830209
-0.000368670736830209
-0.000368670736830209
-0.000368670736830209
0.000179806302683674
0.000675532134290849
0.000675532134290849
0.000675532134290849
0.000675532134290849
0.00133481780714219
-0.0162235330979667
-0.0124248902203971
-0.0102549153166284
0.253932951611372
0.00716405051315297
0.00292518042481651
0.00292518042481651
0.00562371094390704
0.00421250927470032
-0.0971301605568546
0.00669872395541331
0.00669872395541331
0.00669872395541331
0.00669231227477978
0.0062329545550937
0.00555437498448468
0.0062329545550937
0.0062329545550937
0.0062329545550937
0.00539270345480807
0.0033102260231444
0.00230514538708553
0.00230514538708553
0.00230514538708553
0.00230514538708553
0.00121875078266447
0.00121875078266447
0.00121875078266447
0.000438755525419325
0.000438755525419325
-0.000239708149768432
-0.000780369211630556
-0.000736040449792426
-0.000736040449792426
-0.000780369211630556
-0.000736040449792426
-0.000736040449792426
-0.000736040449792426
-0.000514650330891882
-0.000183886327759182
0.000140325437229465
0.000140325437229465
0.000140325437229465
0.000459948427487249
0.000459948427487249
0.000745724422094356
0.000512852742924168
0.000512852742924168
0.000512852742924168
0.000274528448159388
0.000274528448159388
-0.000188182679986056
-0.000179718889812448
-0.000286770949228639
-0.000255118579070852
-0.000255118579070852
-0.000255118579070852
-0.000255118579070852
-0.000255118579070852
-9.49045211908264e-05
-9.49045211908264e-05
-9.49045211908264e-05
-9.49045211908264e-05
0.000146883347119257
0.000146883347119257
0.000395988443701527
0.000395988443701527
0.000583481070791252
0.000583481070791252
0.106066959458069
0.00854498621464542
0.00854498621464542
0.00854498621464542
0.0108860979399495
0.0108860979399495
-0.0935624081606254
-0.0524457606989305
0.00263753091796874
0.0012700162570574
0.00210086768071842
0.0012700162570574
0.000203517367919612
-0.00105326044867167
-0.00105326044867167
-0.00247700206170128
-0.00247700206170128
-0.00382893136317049
-0.00382893136317049
-0.00508050479670392
-0.00508050479670392
-0.00597124042151838
-0.00629962761374121
-0.00629962761374121
-0.0060123010058661
-0.00505791258974005
-0.00505791258974005
-0.00505791258974005
-0.00505791258974005
-0.00610216978356033
0.152224786430829
0.0120985520639241
0.0118945871455079
0.0118945871455079
0.00894080594634053
0.00894080594634053
0.00735278771091677
0.00578393611206598
0.00237319051357934
-2.18141270249272e-05
-0.000891386942103639
-2.18141270249272e-05
-0.00131183041834079
-0.00131183041834079
-0.00131183041834079
-0.000278692884198878
0.000708655738713287
0.00219322175691053
0.00219322175691053
0.00219322175691053
0.00396928236563879
0.00768213896562633
0.00768213896562633
0.00768213896562633
0.0117707419687168
0.0101346219462009
-0.0586793558790832
0.00592486649296387
0.00592486649296387
0.00592486649296387
0.00371374176888306
0.00371374176888306
0.00371374176888306
0.00101220778712996
0.00101220778712996
0.00101220778712996
-0.00140973263197086
-0.00200853101685805
-0.0045281372110475
-0.0045281372110475
-0.00261912693874944
-0.00261912693874944
0.00325036804180012
0.00325036804180012
0.000458975401978812
0.00325036804180012
0.000458975401978812
-0.0347660735217212
-0.239876618510087
-0.00126462844021114
-0.00479631609708364
-0.00817929883791657
-0.0121002196403224
-0.0151654594638393
-0.0151654594638393
-0.0386157814329799
-0.0244442316878859
-0.0353365347985009
-0.0232706535464822
-0.0507522554084316
-0.0507522554084316
-0.0507522554084316
0.144081997870771
0.000339338388096548
0.000339338388096548
0.000339338388096548
0.000507579029562803
0.000644610032571462
0.000535095501405207
0.00064508818098477
0.00064508818098477
0.000644610032571462
0.000644610032571462
0.000644610032571462
0.00064508818098477
0.00064508818098477
0.00064508818098477
0.00064508818098477
0.000644610032571462
0.000644610032571462
0.000560516801520832
0.000560516801520832
0.000560516801520832
0.000560516801520832
0.000560516801520832
0.000137221007738857
0.000137221007738857
-3.5791580028617e-05
-0.000261577413281673
-0.000261577413281673
-0.000261577413281673
-0.000417397408787297
-0.000467584228319469
-0.000406423029547272
-0.000242687791322611
5.87386545501099e-05
0.000827064554343364
0.000827064554343364
0.0017093291346715
0.0017555909781333
0.0017555909781333
0.00104448785583247
0.000684869284965499
0.000342660196665205
0.000102785362106088
5.50111923001405e-05
0.00102092345787777
0.00218326331163968
0.00363814681759147
0.00442254174003945
0.00590583631396771
0.0059267002135446
0.00644196590907423
-0.204908327632785
-0.0168370448218804
-0.0176571708582769
-0.0176361256006266
-0.0147984649698858
-0.0164071493690641
0.194943144172795
0.00674829260178814
0.0063442868394237
0.0063442868394237
0.0063442868394237
0.00357465313778785
0.00348849111224328
0.00249920823228325
0.00249920823228325
0.00171959008687497
0.00145138078700138
0.00145138078700138
0.00171959008687497
0.00145138078700138
0.00145138078700138
0.00145138078700138
0.00171080415712235
0.0025064152475274
0.0025064152475274
0.0025064152475274
0.00171080415712235
0.0025064152475274
0.0025064152475274
0.0025064152475274
0.00171080415712235
-0.208843878294332
-0.0123923637594372
-0.0123923637594372
-0.00968470665032606
-0.010053919273487
-0.00727068926166585
-0.00254947334544409
-0.000793557658814281
0.000571726093936631
0.000703368142271676
0.00166074145168138
0.00209136696643308
0.00215916010263473
0.00215916010263473
0.00215916010263473
0.00108447585507565
0.00108447585507565
0.000413677394240919
0.000413677394240919
0.000319829871515465
0.000403334926468046
0.000603506176191315
0.000858322712528503
0.000850430581972317
0.00114210878791776
0.00114210878791776
0.00103525936927151
0.000711764619235167
0.000197582172903443
0.000197582172903443
0.000197582172903443
-0.00109916939147436
-0.00207056288846386
-0.00207056288846386
-0.00216967806565393
-0.00216967806565393
-0.00194341481516358
-0.00194341481516358
-0.000558452566765455
-0.000558452566765455
0.0011704879191361
0.00176816214986331
0.00176816214986331
0.000936738091501743
-0.00068593529211225
-0.00401524050379298
-0.00401524050379298
-0.015816929595162
0.177920839484838
-0.00610216978356033
-0.00526944910706502
-0.00505791258974005
-0.00628793372617094
-0.00610216978356033
0.0289371151975291
-0.00302260580802005
-0.00265615442074441
-0.000962402545025887
-0.000962402545025887
-0.000962402545025887
-0.000962402545025887
0.000126904314818654
0.00129468140515265
0.00266950824408796
0.00266950824408796
0.00266950824408796
0.00266950824408796
0.00386329972473853
0.00470661033072894
0.00470661033072894
0.00266950824408796
0.00386329972473853
0.00386329972473853
0.00386329972473853
0.00152755110620739
0.00386329972473853
0.00386329972473853
0.00289209480536123
0.00152755110620739
0.00289209480536123
0.00289209480536123
0.00152755110620739
0.00152755110620739
0.00152755110620739
0.00152755110620739
0.00152755110620739
0.00152755110620739
0.00152755110620739
0.000347346866000686
0.00152755110620739
-0.000771621549435997
-0.00265615442074441
-0.00265615442074441
-0.00265615442074441
-0.00265615442074441
-0.00265615442074441
-0.00302260580802005
-0.00302260580802005
-0.0030028045305952
-0.00191240071830179
-0.00191240071830179
-0.00020532299173559
-0.00110594340652148
0.000896215183976645
0.00158965480008555
0.00219641938121762
0.0026145494653067
0.00234270550481619
0.00184566119857643
0.000425709617207781
0.000425709617207781
-0.000810258408762143
-0.00111111657409935
-0.00118234563113417
-0.0359317217790136
-0.00628793372617094
-0.00628793372617094
-0.00628793372617094
-0.00628793372617094
-0.00629537169211365
0.0292950307755027
-0.00104108855403218
-0.000721281157028519
-0.000308134834048124
0.000534811023881199
0.000854697434782503
0.00123100749840632
0.00133147162123515
0.00152738031351896
0.00180458983163256
0.00180458983163256
0.00201221602269741
0.00200667349854045
0.00188751323545078
0.00149605455242274
0.00133358553778629
0.00130764343192014
0.00130764343192014
0.00199929047049019
0.0029140956258511
0.00550783382223252
0.00796092425555117
0.00702381755985848
0.00550783382223252
-0.0297172151014675
-0.00495472271543247
-0.00376050318319839
-0.00376050318319839
-0.00241326295762652
-0.00241326295762652
-0.00241326295762652
-0.00100136772077737
0.0012947560810939
0.00263753091796874
0.00263753091796874
0.00263753091796874
0.00286507932259421
0.00286507932259421
0.0028157921330592
0.0028157921330592
0.00251700262975478
0.00200446299685768
0.00131008427972072
-0.000342079984460189
-0.000342079984460189
-0.00195037481358758
-0.00259009290165087
-0.00319668560402815
-0.00319668560402815
-0.00405912493406509
-0.00439182758256647
-0.00439182758256647
-0.0048107596760016
-0.00489655827212628
-0.00489655827212628
-0.00489889652439186
-0.00468609589478715
-0.00434847960509939
-0.0048932350357966
-0.0048932350357966
-0.0048932350357966
0.0305131488655042
0.00069818118294962
0.00069818118294962
-0.00110594340652148
-0.00201156010183978
-0.00201156010183978
-0.00201156010183978
-0.00201156010183978
-0.00261708518393156
-0.0030028045305952
-0.00299692082549874
-0.0206094452873397
0.0025064152475274
0.00703650570889816
0.00543402701232945
0.00543402701232945
0.00543402701232945
0.00543402701232945
0.00165409463351376
0.0017555909781333
0.0011550138067378
0.00149853379627809
0.0016835677222318
0.00147103286999697
0.000736231260820146
0.000736231260820146
0.000736231260820146
0.000355568934622878
-0.000299507224156033
-0.000299507224156033
-0.000299507224156033
-0.000299507224156033
-0.000446368966112916
-0.000435208850106479
-0.000465707056154203
-0.00020046303913543
-0.000382825417030803
-0.00020046303913543
-3.5791580028617e-05
2.01737487340187e-06
0.00021520211960893
0.00021520211960893
0.000254154078461992
0.00041005614224157
0.000443738892018457
0.000375178113866807
0.000443738892018457
0.000443738892018457
0.000443738892018457
-3.5791580028617e-05
0.00021520211960893
-3.5791580028617e-05
-3.5791580028617e-05
-3.5791580028617e-05
-3.5791580028617e-05
-3.5791580028617e-05
-3.5791580028617e-05
-3.5791580028617e-05
-3.5791580028617e-05
-3.5791580028617e-05
-0.00023190481966215
-0.00023190481966215
-0.000467584228319469
-0.000421865915527038
-0.000271901376596136
-2.19182891658411e-05
1.80033316219673e-05
-0.000242687791322611
-0.000242687791322611
-0.000242687791322611
-0.000421865915527038
-0.000242687791322611
-0.000421865915527038
-0.000242687791322611
1.80033316219673e-05
0.000401624214118739
0.000401624214118739
0.000782011699627132
0.00543402701232945
0.00686447081278099
0.005234664262634
0.00543402701232945
0.00686447081278099
0.00543402701232945
0.000782011699627132
0.00149853379627809
0.00169719011144134
0.000728642708859111
0.000751141380877866
0.00106862155290879
0.000374123042240297
0.00175750496231156
-0.000406423029547272
-0.000421865915527038
-0.000467584228319469
-0.000421865915527038
-0.000406423029547272
-0.000421865915527038
-0.000271901376596136
-0.000421865915527038
-0.000271901376596136
-2.19182891658411e-05
1.80033316219673e-05
0.000782011699627132
0.000782011699627132
0.000782011699627132
0.000782011699627132
0.000782011699627132
0.00703650570889816
0.0041045793969339
0.0041045793969339
0.0041045793969339
0.00276465799015393
0.00177305649677176
0.00145138078700138
0.00145283943509791
0.00145138078700138
0.00167273947467097
0.00167273947467097
0.00348849111224328
0.00455759506746925
0.00348849111224328
0.00455759506746925
0.00553312441749656
0.00559191691139207
0.00670868024455198
0.0063442868394237
0.00559191691139207
0.00559191691139207
0.00670868024455198
0.00670868024455198
0.00670868024455198
0.00675472400651958
0.00647583651145392
0.0059267002135446
0.0059267002135446
0.0059267002135446
0.0059267002135446
0.0052119953183212
0.00442254174003945
0.00363814681759147
0.00363814681759147
0.00288291951479994
0.00218326331164323
0.00155817338153954
0.00155817338153954
0.00101443967297324
0.000242212617914488
5.09592445148409e-05
5.09592445148409e-05
5.84599736977315e-06
5.84599736977315e-06
0.000110727887545208
0.000358155432678613
0.00106862155290879
0.0186811460147498
0.00550783382223252
0.00796092425555117
0.00796092425555117
0.00780587359924056
0.00864324387918303
-0.0266471114517483
-0.00255705773444111
-0.00316532456484393
-0.00364339942525978
-0.00479866784183831
-0.0048932350357966
-0.00488039358359278
-0.00473567377051549
-0.0040974874198469
-0.00353421050901344
-0.00229184764772801
-0.00229184764772801
-0.00150040390752655
-0.000116103198199061
0.000688306642878042
0.00137942951297058
0.00224140343249028
0.00239093180620169
-0.0318549089813331
0.00484389423763329
0.00507073944886191
0.00484389423763329
0.00507073944886191
0.00425374325447589
0.00425374325447589
0.00228437886202112
0.00245216167467074
0.00228437886202112
0.00251472603666056
0.00251472603666056
0.00770773111864895
0.00432356352891969
0.00225052906229703
-0.0508882778416619
-0.0157572710636919
-0.0129619265062402
-0.0157572710636919
-0.0157572710636919
-0.00318030977864113
0.00340993686039794
0.00305160171039388
0.000534862586867094
0.000529091156975761
0.00092929974989199
0.00122769403241853
-8.86896597117326e-06
-0.000912594722545221
-0.000920228620110861
-0.000674971687884648
-0.000668787818370417
-0.000294922056870858
-0.000614842380555855
-0.000614842380555855
-0.000725474416523694
-0.000736618628590632
-0.000979269168871907
-0.00133029629899427
-0.00133029629899427
-0.00119966248482826
-0.000770258258953702
0.122618823767615
0.00768039440985846
0.00810705157573133
0.00810705157573133
0.00810705157573133
0.00810705157573133
-0.116263853672842
-0.00181608649295016
-0.00383043960546268
-0.0039266459175351
-0.0039266459175351
-0.00436314881958276
-0.00412420742126572
-0.00340863634552656
-0.00412420742126572
-0.00340863634552656
-0.00340863634552656
-0.00273712626500776
-0.0021215320653336
-0.0021215320653336
-0.00223156576042059
-0.00212248202260733
-0.00332589720233466
-0.00294751041976647
-0.00332589720233466
-0.00332589720233466
-0.00212248202260733
-0.00332589720233466
-0.00273712626500776
-0.00273712626500776
0.119879034887173
0.00702381755985848
0.00550783382223252
0.00550783382223252
0.00550783382223252
0.00550783382223252
0.00550783382223252
0.00419229456371739
0.00304505349679141
0.00304505349679141
0.00304505349679141
0.00130764343192014
0.00132282014577734
0.00130764343192014
0.00133358553778629
0.00149605455242274
0.00172212925149595
0.00189955460359692
0.00189955460359692
0.00189955460359692
0.00200267102259155
0.00201221602269741
0.00191094153182036
0.00191094153182036
0.00191094153182036
0.00200667349854045
0.00191094153182036
0.00191094153182036
0.00201221602269741
0.00200654023082536
0.00201221602269741
0.00200667349854045
0.00200953196656273
0.00193162376852052
0.00180458983163256
0.00180458983163256
0.00166218551295061
0.00142300313975441
-0.0338935773024649
0.00211386736179935
0.00263753091796874
0.00286562943638873
0.0028157921330592
0.00201210556355806
0.00200446299685768
0.00251435406944149
0.000552778121668804
-0.00028768321132451
0.0157288368698634
0.0011550138067378
0.0011550138067378
0.0011550138067378
0.00152451724110494
0.0017093291346715
0.0193097145732823
0.0025310792089217
0.0025310792089217
0.0025310792089217
0.0025310792089217
0.00208958414087967
0.0013425634015205
0.0013425634015205
0.0013425634015205
0.00038157354224766
-0.000550832908663201
-0.000550832908663201
-0.000550832908663201
-0.000550832908663201
-0.000550832908663201
-0.000550832908663201
-0.00220284519367175
-0.00220284519367175
-0.00280878239029092
-0.00280878239029092
-0.00280878239029092
-0.00305037252294027
-0.00280878239029092
-0.00305037252294027
-0.00291959567332234
-0.0023649753702093
-0.0023649753702093
-0.0023649753702093
-0.0023649753702093
-0.0023649753702093
-0.0015796541950992
-0.000572820198094126
-0.000572820198094126
-0.000572820198094126
0.000803964035373861
0.000803964035373861
0.000803964035373861
-0.000771621549435997
0.000573218555889321
0.000803964035373861
0.000573218555889321
0.000573218555889321
0.000803964035373861
0.000573218555889321
0.000573218555889321
-0.000771621549435997
-0.000771621549435997
-0.000771621549435997
-0.00247179216446702
-0.00247179216446702
-0.0027497868395352
-0.0027497868395352
-0.00210848099494654
-0.00133144755949544
-0.000434428402822595
-0.000434428402822595
0.000595179986343064
0.00151055494916563
0.00214468740966312
0.00214468740966312
-0.0150593544366852
0.00169719011144134
0.00169719011144134
0.00175252302222264
0.0017555909781333
0.00139832759843197
0.019010852060273
0.00262253070003227
0.00188920437926599
0.00188920437926599
0.00118844426126175
0.000468588998314923
-0.000242267632122539
-0.000771111401439262
-0.00109536044444325
-0.00118498446694182
-0.00104108855403218
0.000131857612261976
0.000131857612261976
0.000131857612261976
0.000856476009509999
0.00108331968796116
0.00142611386035818
0.00142611386035818
0.00133617082096849
0.00142611386035818
0.00142611386035818
0.00142611386035818
0.00142611386035818
0.00142611386035818
0.0367570825069281
-0.000936753573795676
-0.000889784138871128
-0.00145860801512136
5.05923787139234e-05
5.05923787139234e-05
-0.000351818259170009
5.05923787139234e-05
5.05923787139234e-05
5.05923787139234e-05
0.000339696031029527
0.000339696031029527
0.000339696031029527
7.57118459064482e-05
5.05923787139234e-05
5.05923787139234e-05
5.05923787139234e-05
5.05923787139234e-05
0.000339696031029527
0.000339696031029527
0.000339696031029527
0.000339696031029527
0.000339696031029527
5.05923787139234e-05
5.05923787139234e-05
5.05923787139234e-05
5.05923787139234e-05
5.05923787139234e-05
0.000339696031029527
5.05923787139234e-05
5.05923787139234e-05
5.05923787139234e-05
5.05923787139234e-05
5.05923787139234e-05
5.05923787139234e-05
-0.0351744565449861
0.0019323888736944
0.0019323888736944
0.0019323888736944
0.0019323888736944
0.00243134743884554
0.0019323888736944
0.00245822884935998
0.00243134743884554
0.00263181495522269
0.00262832084477638
0.00262832084477638
0.0025310792089217
-0.120665140532668
-0.00273712626500776
-0.00401824249556591
-0.00401824249556591
-0.00401824249556591
-0.00459228562442669
-0.00442198582775676
-0.0164021601678115
0.00575933847998235
0.0203756930684087
-0.0242475621444027
0.002910820672897
-0.000776750751427968
-0.000776750751427968
-0.00164723944794848
-0.00164723944794848
-0.00164723944794848
-0.00182950846659996
-0.00164723944794848
-0.00164723944794848
-7.46871918335112e-05
0.00172196160469201
0.00418800263969327
0.00474706633728977
0.00439268676244381
0.00439268676244381
0.00137806984863992
-0.00118387790281255
-0.00118387790281255
-0.00868629532422432
-0.0104388396734236
-0.0116352556298415
-0.0106198665220993
-0.00708372277827135
-0.00488806709523509
0.000824451086802569
0.00295210035110155
0.00174203924136523
-0.00252472002799092
-0.00886923002446477
-0.015283017023379
-0.0182054218629568
-0.0130678411495048
0.00405064667239002
0.0552686230098172
-0.000295231346689503
-0.000295231346689503
-0.000361322113523896
-0.000613322771267674
-0.000613322771267674
-0.000711730133826846
-0.000754996568505403
-0.000754996568505403
-0.000711730133826846
-0.000758762042777347
-0.000758762042777347
-0.000755673360516282
-0.000755673360516282
-0.000755673360516282
-0.000755673360516282
-0.000726597004491167
-0.000755673360516282
-0.000755673360516282
-0.000727720573083998
-0.000708289040999274
-0.000708289040999274
-0.000708289040999274
-0.00442198582775676
-0.00442198582775676
-0.00401912301968353
-0.00447326132921753
-0.00459037943924188
-0.00447326132921753
-0.000733734647620152
-0.000733734647620152
-0.000818320514492696
-0.000957987757472564
-0.00130750669219525
-0.000818320514492696
-0.000968493998471529
-0.000818320514492696
-0.000957987757472564
-0.00112927861806321
-0.000957987757472564
-0.000968493998471529
-0.000818320514492696
-0.000818320514492696
-0.000957987757472564
-0.000957987757472564
-0.000818320514492696
-0.000818320514492696
-0.000818320514492696
-0.000818320514492696
-0.000818320514492696
-0.000818320514492696
-0.000708289040999274
-0.000818320514492696
-0.00333488331670105
-0.00266800462876014
-0.00200866917581054
-0.00143132030074498
-0.000943571879754343
-0.000638467739279433
-0.000638467739279433
-0.000940883608740548
-0.00145752149340227
-0.00144983073766157
-0.00118009082756453
-0.00100161846719148
-0.000743012932755902
-0.000708416274462151
-0.000753539238980791
-0.000760066426446868
-0.000617923378959814
-0.000484988118125015
-0.000361322113531001
-0.000323777245701193
-0.000458502273857006
-0.000681256076158418
-0.00113792933124544
-0.00113792933124544
-0.000893217434611002
-0.00046407919257406
6.5140248613163e-05
0.000562801614291134
0.000983144172902031
0.00128690886853035
0.00139309511161502
0.00111451298343847
0.00111451298343847
0.000625042349967644
0.000511776410067513
0.000511776410067513
0.00132033997479232
0.00132033997479232
0.00260789817331576
0.00313459900026671
0.00327469140620208
0.0025522013291195
0.0025522013291195
0.000875690774983853
-0.0115055604661556
-0.0115055604661556
-0.0142598813294448
0.106885511064889
0.00166872537177398
0.00181955338937656
0.00181955338937656
0.00181955338937656
0.00181955338937656
-0.0686305444580234
0.00372802065808639
0.00338111517700032
0.00291613749422023
0.00243901619293471
0.00173534148610774
0.00173534148610774
0.00159093580826206
0.00154450243835033
0.00154450243835033
0.00131163451423863
0.00094174621892304
0.00094174621892304
0.000406078980730168
-0.000368714174864199
-0.000368714174864199
-0.00128611117987201
-0.00206031106557805
-0.00370356266965036
-0.00296361306753493
-0.00370356266965036
-0.00370356266965036
-0.00417572626082144
-0.00413734248217881
-0.0043052235591762
-0.0043052235591762
-0.0043052235591762
-0.00413643800904775
-0.00413643800904775
-0.0036687660945677
-0.0036687660945677
-0.00277916153101568
-0.00277916153101568
-0.00277916153101568
-0.0015644942651917
-0.0015644942651917
-0.0015644942651917
0.000941882713161174
0.000941882713161174
0.00243648629972068
0.00243648629972068
0.0552740596852797
0.000644610032571462
0.000632856942464981
0.000515084091588873
0.000632856942464981
0.000515084091588873
0.000295876145278511
0.000295876145278511
-0.000399277250640013
-1.67418122653819e-05
-1.67418122653819e-05
0.000295876145278511
-0.000399277250640013
-0.000399277250640013
-0.00050045599196122
-0.00050045599196122
-0.000908724591345918
-0.00100697362501376
0.0163603430556452
0.00181955338937656
0.00181955338937656
0.00201457257015769
0.00194430252617495
0.00201457257015769
-0.0155979518916833
-0.00125218140619585
-0.00143110845063885
-0.00143110845063885
-0.00143110845063885
-0.00143110845063885
-0.00143110845063885
-0.00143110845063885
-0.00143110845063885
-0.00131985127346288
-0.000399277250640013
-0.00131985127346288
-0.00100697362501376
-0.000399277250640013
-0.000399277250640013
-1.67418122653819e-05
-1.67418122653819e-05
-1.67418122653819e-05
-1.67418122653819e-05
0.000295876145278511
0.000355122907688381
0.0005501793826497
0.0005501793826497
0.0005501793826497
0.0182317973864736
0.00201457257015769
0.0019981017873667
0.0019981017873667
0.0020165810664976
0.0020165810664976
0.0020165810664976
0.0020165810664976
0.0020165810664976
0.0020165810664976
0.0020165810664976
0.00194430252617495
0.00194430252617495
0.00194430252617495
0.00194430252617495
-0.0685057953212251
0.00177713869371918
0.0029940986138087
0.00177713869371918
0.00177713869371918
0.00177713869371918
0.00177713869371918
0.00177713869371918
0.00177713869371918
0.00177713869371918
0.00065281673464565
0.00177713869371918
0.00177713869371918
0.00177713869371918
0.00177713869371918
0.00177713869371918
0.00065281673464565
0.00065281673464565
0.00065281673464565
-0.00039916043034896
-0.00039916043034896
-0.000151209406341085
-0.000151209406341085
-0.000151209406341085
0.000528771202765593
0.000528771202765593
0.00144380911571748
0.0031421220440063
0.00144380911571748
0.00236377416839315
0.0031421220440063
0.00384380367464029
0.00372802065808639
-0.0491095527272136
-0.000733734647620152
-0.000708239711333589
-0.000708239711333589
-0.000725474416523694
-0.000708239711333589
-0.000832186031909585
-0.00122567051026999
-0.00122567051026999
-0.00122567051026999
-0.00122567051026999
-0.00122567051026999
-0.00116325371792912
-0.000912594722545221
-0.000912594722545221
-0.000523807657784245
-0.000523807657784245
-8.86896597117326e-06
0.000525153157842753
0.000951629101442877
0.000951629101442877
0.000951629101442877
0.00126834324739568
0.00126834324739568
0.00139309511161502
0.000487546280236076
-8.86896597117326e-06
0.000487546280236076
-8.86896597117326e-06
-0.000931209033194533
-0.000912594722545221
-0.00116325371792912
-0.000931209033194533
-0.00122567051026999
-0.00122567051026999
-0.00112555263113799
-0.000920228620110861
-0.000920228620110861
-0.000674971687884648
-0.000455011858373253
-0.000455011858373253
-0.000294922056870858
-0.000294922056870858
-0.000294922056870858
-0.000361322113531001
-0.000361322113531001
-0.00048412471541924
-0.000713131873225178
-0.000759224698403158
-0.000616375886185891
-0.000708416274462151
-0.00124018154803339
-0.00124018154803339
-0.00124018154803339
0.0867323260100057
-0.00382893136317049
-0.00501776563590579
-0.00629537169211365
-0.0060123010058661
-0.0060123010058661
-0.0060123010058661
-0.00505791258974005
-0.00116885721499078
0.00117365650332561
0.00117365650332561
0.00360099017287001
-0.0827976779100428
-0.000832186031909585
-0.000832186031909585
-0.000832186031909585
-0.000832186031909585
-0.000832186031909585
0.0872304362770904
0.00552263654558653
0.00412109812468446
-0.00635614698108396
0.00526494439895724
0.00526494439895724
0.00526494439895724
0.00526494439895724
0.00526494439895724
0.00526494439895724
0.00526494439895724
0.00337908001598523
0.00526494439895724
0.0228774688608162
-0.0138665181147836
0.00544314627412272
0.00526494439895724
0.00526494439895724
0.00552263654558653
0.00552263654558653
0.00552263654558653
0.00526494439895724
0.00552263654558653
0.00526494439895724
-0.0825399857634135
-0.000739708668784131
-0.000832186031909585
-0.000979269168871907
-0.000979269168871907
-0.000832186031909585
-0.000979269168871907
-0.000979269168871907
-0.000979269168871907
-0.000979269168871907
-0.000832186031909585
-0.000979269168871907
-0.000739708668784131
-0.000832186031909585
-0.000832186031909585
-0.000739708668784131
-0.000739708668784131
-0.000825111616232319
-0.000739708668784131
-0.000739708668784131
-0.000739708668784131
-0.000708280124638291
-0.000708280124638291
-0.000708280124638291
-0.000725474416523694
-0.000725474416523694
-0.000725474416523694
-0.000754285213033098
-0.000754285213033098
-0.000754285213033098
-0.000759224698403158
-0.000759224698403158
-0.000714531456376774
-0.000759224698403158
-0.000759224698403158
-0.000616375886185891
-0.000616375886185891
-0.000483272531661014
-0.000361322113531001
-0.000361322113531001
-0.000294922056870858
-0.000294922056870858
-0.000294922056870858
-0.000321695592438984
-0.000455011858373253
-0.000455011858373253
-0.000920228620110861
-0.000920228620110861
0.104549594139721
0.000535095501405207
0.000339338388096548
0.000339338388096548
0.000137221007738857
-0.00031533005268078
0.0525222433328602
0.00367660144829159
0.00367660144829159
0.00367660144829159
0.00367660144829159
0.00367660144829159
0.00204155486937992
0.000565597599316583
0.00195683645138885
0.00195683645138885
0.00195683645138885
0.000565597599316583
-0.000504981700786764
-0.00134447366145367
-0.00134447366145367
-0.00134447366145367
-0.00134447366145367
-0.00116262702445717
-0.00116262702445717
-0.00116262702445717
-0.000642275927561761
-0.000642275927561761
-0.000226308436841058
-7.956535374469e-05
4.45176368275152e-05
4.45176368275152e-05
0.000296688190743091
0.000296688190743091
0.000480955787154749
0.000474007489882092
9.97846929590845e-05
9.97846929590845e-05
-0.000843623322153639
-0.00186944782863656
-0.00182786929609073
-0.00186944782863656
-0.00186944782863656
-0.00220618984928848
-0.00206970089675722
-0.00148699002435664
-0.000546192920466246
-0.000546192920466246
0.000513841010813601
0.00189180982127453
0.00311302489246308
0.00311302489246308
0.00530233566097045
0.00594792993862199
0.00594792993862199
0.00594792993862199
-0.011664594523278
0.0033102260231444
0.0033102260231444
0.0062329545550937
0.00539270345480807
0.0062329545550937
0.0062329545550937
0.0062329545550937
0.0062329545550937
0.00669231227477978
-0.0285263249682277
-0.000388965899016798
-0.000388965899016798
-0.000388965899016798
-0.000211973715886744
0.000100179320496023
0.0356726889522501
0.00669872395541331
0.00632179085061706
0.00669872395541331
0.00632179085061706
0.00632179085061706
0.00632179085061706
0.00528628290512883
0.00632179085061706
0.00528628290512883
0.00528628290512883
0.00175075653272954
0.00175075653272954
0.00175075653272954
0.00175075653272954
0.00175075653272954
0.00397626123833233
0.00397626123833233
0.00175075653272954
0.00397626123833233
0.00528628290512883
0.00528628290512883
0.00528628290512883
0.00528628290512883
-0.0289032580730239
0.000871329035970118
0.00123087964098548
0.00154899489277585
0.00154899489277585
0.00174312325249917
0.001624399260054
0.00135400001687816
0.000996824020383284
0.000642750103585525
0.000642750103585525
0.000642750103585525
0.000327630130328797
2.92726180719944e-06
3.6579857561046e-06
0.000263052509449606
0.000263052509449606
0.000263052509449606
0.0182021376494854
-0.000308134834048124
0.000134653396639317
0.000134653396639317
0.000134653396639317
0.000854697434782503
0.00108093770213835
0.00108093770213835
0.00123100749840632
0.00142300313975441
0.00142300313975441
0.00142300313975441
0.00142300313975441
0.00152738031351896
0.00166218551295061
0.0370296387553326
0.000510185339108696
0.000510185339108696
0.00195683645138885
0.00195683645138885
0.00367660144829159
0.00367660144829159
0.00367660144829159
0.00575465768923329
0.00575465768923329
0.00575465768923329
0.00575465768923329
0.00575465768923329
0.00367660144829159
0.00367660144829159
-0.0667734963991084
0.00552263654558653
0.00552263654558653
0.0037732493450036
0.00552263654558653
0.00552263654558653
-0.0120898879162135
-0.00865585868917097
-0.00865585868917097
-0.00865585868917097
-0.00865585868917097
-0.00812915166474904
-0.00904444776069236
-0.00651069742958344
-0.00651069742958344
-0.00651069742958344
-0.00459826451089507
-0.00248840153143749
-0.00248840153143749
-0.00248840153143749
0.00110921261209062
0.00238225766497412
0.00316849467118762
0.00316849467118762
0.00316849467118762
0.00316849467118762
0.00348023560411503
0.00348023560411503
0.00348023560411503
0.00348023560411503
0.00348023560411503
0.00337453620940619
0.00223527342659002
0.00337453620940619
0.00293642489397027
0.00293642489397027
0.00223527342659002
0.00223527342659002
-0.03298977549711
0.00199986661414966
0.00199986661414966
0.00199986661414966
0.00210953885385015
0.00200374473360368
0.00200374473360368
0.00200374473360368
0.00200374473360368
0.00199986661414966
0.00200374473360368
0.00200374473360368
0.00200374473360368
0.00147332360965605
0.000472907466687628
0.000472907466687628
-0.000952660906516217
0.00147332360965605
0.000472907466684075
-0.00268610605829098
-0.00268610605829098
-0.00268610605829098
-0.00268610605829098
-0.00450401871825187
-0.00611390790158348
-0.00611390790158348
-0.00718162696004152
-0.0060785065389439
0.0453134074445241
0.00552263654558653
0.00412109812468446
-5.39235354630324e-05
-5.39235354630324e-05
0.00412109812468446
-0.052891496920963
0.0985175546469892
-0.0020083652854745
-0.0025376577784006
-0.00279730078665325
-0.00267386724257408
-0.00279730078665325
-0.00267386724257408
-0.00267386724257408
-0.00267386724257408
-0.00267386724257408
-0.00107172304352483
-0.00205836015853373
-0.00100110057753584
0.00187813353097992
0.000242222480590741
0.00358786089003642
0.00358786089003642
0.00504878187778628
0.00622639963513754
0.00700022982855435
0.00729655857496097
0.0070331914491713
0.0070331914491713
-0.0466527857413958
-5.39235354630324e-05
-5.39235354630324e-05
-5.39235354630324e-05
0.0037732493450036
0.0037732493450036
-5.39235354630324e-05
-5.39235354630324e-05
-5.39235354630324e-05
-5.39235354630324e-05
-5.39235354630324e-05
0.0037732493450036
0.00557305149929514
0.0037732493450036
0.00544314627412272
0.00544314627412272
0.00526494439895724
0.00544314627412272
0.00526494439895724
0.00526494439895724
0.00557305149929514
0.00552263654558653
0.00557305149929514
0.00526494439895724
0.00360099017287001
0.00360099017287001
0.00360099017287001
0.00360099017287001
0.00360099017287001
0.00360099017287001
0.00360099017287001
0.0014272900388153
-0.0161852344229847
0.000218728649814086
0.000218728649814086
0.000218728649814086
-0.000796278331746787
-0.000796278331746787
-0.000796278331746787
-0.000796278331746787
-0.00482609941067703
-0.00304647328469843
-0.00520102964067571
-0.00111688644313768
-0.00111688644313768
-0.00111688644313768
-0.00520102964067571
-0.00520102964067571
0.0631595633021241
0.00632179085061706
0.00632179085061706
0.00632179085061706
0.00632179085061706
0.00672931784193081
0.00658183546456597
0.000391812686564123
0.000391812686564123
0.000391812686564123
0.000391812686564123
0.000391812686564123
0.000391812686564123
-2.82311318159992e-05
0.000391812686564123
0.000391812686564123
0.000583999215958912
0.000387249058825305
0.000391812686567676
0.000584514917603855
0.000584514917603855
0.000387249058825305
0.000387249058825305
0.000387249058825305
0.000387249058825305
0.000140235735360421
0.000140235735360421
-0.00010164156370402
-0.00010164156370402
-0.00010164156370402
-0.000258900895237786
-0.000188182679986056
-0.000179718889812448
-0.000188182679986056
-0.000188182679986056
2.37474297295967e-05
2.37474297295967e-05
0.000274528448159388
0.000274528448159388
0.000274528448159388
0.000693137682660265
0.000747003450341226
0.000747003450341226
0.000747003450341226
0.000747003450341226
0.000661223772736634
0.000433800138037115
0.000433800138037115
0.000174738871534345
0.000433800138037115
-0.000221312686613913
0.000105059387749677
-0.000514650330891882
-0.000514650330891882
-0.000514650330891882
-0.000514650330891882
-0.000736040449792426
-0.000780369211630556
-0.000780369211630556
-0.000644251827889249
-0.000644251827889249
-0.000239708149768432
0.000438755525419325
0.000438755525419325
0.000438755525419325
0.000438755525419325
0.000438755525419325
0.00611213365129819
0.00611213365129819
0.00449536972455205
0.00230514538708553
0.00136631485014532
0.00136631485014532
0.000438755525419325
0.00121875078266447
0.00121875078266447
0.00121875078266447
0.0033102260231444
0.0033102260231444
0.0033102260231444
-0.0309153238788031
-0.0524982349974625
-0.0179591988332881
-0.00840321563760968
-0.00840321563760968
-0.00814913463133601
-0.00814913463133601
-0.00814913463133601
-0.00817206431657455
-0.00817206431657455
-0.00817206431657455
-0.00817206431657455
-0.00814913463133601
-0.00814913463133601
-0.00814913463133601
-0.00819735406841035
0.0975030824544255
0.00230514538708553
0.00136631485014532
-0.000239708149768432
-0.000607725958436674
-0.000607725958436674
-0.000780369211630556
-0.000546121061839329
-0.000546121061839329
-0.000546121061839329
-0.000546121061839329
-0.000221312686613913
0.000105059387749677
0.000661223772736634
0.000745724422094356
0.000745724422094356
0.000702058272399157
0.000702058272399157
0.000528469486816889
3.82351844481696e-05
3.82351844481696e-05
3.82351844481696e-05
-0.000179718889812448
-0.000286770949228639
-0.000286770949228639
-0.000286770949228639
-0.000258900895237786
-0.000258900895237786
0.000133509358196719
-0.00010164156370402
0.000133509358196719
0.000382750409965653
0.000583999215958912
0.000583999215958912
0.000583999215958912
0.000583999215958912
0.000391812686564123
0.000391812686564123
-0.000644224065829931
0.000391812686564123
-0.000644224065829931
-0.000644224065829931
0.000391812686564123
0.000391812686564123
-2.82311318159992e-05
-2.82311318159992e-05
-2.82311318159992e-05
-2.82311318159992e-05
-2.82311318159992e-05
0.0212642371916507
0.00503287040349938
0.00503287040349938
-0.00265346486604749
0.00100710387741194
0.0639860650381503
0.00341637052789914
-0.0469467966545798
0.000821229382643729
0.00103390844664997
0.000821229382643729
0.00102413920532651
0.00114958773388008
0.00114958773388008
0.00114958773388008
0.00114958773388008
0.00114958773388008
0.00114883648926511
0.00114883648926511
0.00114883648926511
0.00114883648926511
0.00114883648926511
0.00114883648926511
0.00114883648926511
0.00114883648926511
0.00114883648926511
0.00114883648926511
0.00114883648926511
0.00100524870929863
0.00100524870929863
0.00114958773388008
0.00115351689481802
0.00103390844664997
0.00103390844664997
0.000821229382643729
0.00103390844664997
0.000833400314069088
0.000570636507148059
0.000570636507148059
0.000570636507148059
0.000570636507148059
0.000303696433474165
0.000303696433474165
0.000303696433474165
0.000303696433474165
0.000303696433474165
3.30259112280018e-05
3.30259112280018e-05
-0.000222114928624784
-0.000463698454079342
-0.000714901706357018
-0.000714901706357018
-0.00125012723752516
-0.00125012723752516
-0.00125012723752516
-0.00125012723752516
-0.00151262008576669
-0.00151262008576669
-0.00182541235504008
-0.00145114294557391
-0.00145114294557391
-0.00145114294557391
-0.000856800752312203
5.27465257160742e-06
5.27465257160742e-06
-0.0164825229065402
-0.00646403280944967
-0.00646403280944967
-0.0103916788884791
-0.00995778970278587
-0.00995778970278587
0.00765473475901413
0.00254941006237086
0.00561939520568178
0.00561939520568178
0.00812982115746852
0.00876709838387324
0.00801142962314128
0.00801142962314128
0.00633362156012129
0.00633362156012129
0.00405960487847867
0.00610599211272156
0.000774498081264063
-0.00303170851176215
-0.00303170851176215
-0.00644187125667006
-0.00644187125667006
-0.0117319964131797
-0.0117319964131797
-0.0118713032011781
-0.0115180816493075
-0.00144041442878962
-0.00144041442878962
-0.00739365799144576
0.0513971589570104
-0.00213349226523404
-0.00242460907490247
-0.00150553604211232
-0.00150553604211232
0.000164126000313597
0.000164126000313597
0.00188574082371631
0.00188574082371631
0.00188574082371631
0.00188574082371631
0.00309661487515236
0.00373796381899497
0.00373796381899497
0.00373796381899497
0.0036758118967444
0.0028822108921687
0.00164505925617456
0.000135033217455255
0.000135033217455255
-0.00148790420555442
-0.0028106352486916
-0.00291357987757876
-0.00413470104103772
-0.00413470104103772
-0.00413470104103772
-0.00413470104103772
-0.00390985714972777
-0.00390985714972777
-0.00311291274249334
-0.00188959831905008
-0.0018526975970112
-0.000292391191593272
0.00143144950131416
0.00143144950131416
0.0047133360376406
0.0059904905087538
0.0059904905087538
0.0059904905087538
0.00746353341757769
0.00746353341757769
0.00759715365179006
0.00733009438019352
0.00733009438019352
0.00733009438019352
0.00583328298626598
0.00583328298626598
0.00469771359129958
-0.0481398597945004
-0.00144041442878962
0.00859921907570094
-0.0159460421469661
0.00299569339125254
0.00299569339125254
0.00157301205358733
0.000697586252400399
0.00050854291391849
0.000240835360452878
0.000240835360452878
-7.29231021645085e-05
0.000240835360452878
-0.000415125647813937
-7.29231021645085e-05
-0.000415125647813937
-0.000653929404336125
-0.000415125647813937
-0.000415125647813937
-0.000415125647813937
-0.000653929404336125
-0.000653929404336125
-0.000653929404336125
-0.000703308511148477
-0.000653929404336125
-0.000653929404336125
-0.000784977229938817
-0.000698880006671572
-0.000698880006671572
-0.000784358224912025
-0.000784977229938817
-0.000784358224912025
-0.000449009758275394
-0.000698880006671572
-0.000449009758275394
-0.000449009758275394
-0.000449009758275394
-0.000146619363201324
0.0526909540223987
0.000773659907917029
0.000416080167198324
5.01811586290091e-05
5.01811586290091e-05
5.01811586290091e-05
-0.000617312831185352
-0.000617312831185352
-0.000617312831185352
-0.00025037869131625
-0.00025037869131625
-0.00122041411324533
-0.00122041411324533
-0.00146876790719327
-0.0016330145907005
-0.00162542610425151
-0.00162542610425151
-0.00148370651118265
-0.00167266617649484
-0.00263452913100112
-0.00263452913100112
-0.00421890193102956
0.0653858854140133
0.0055878247352564
0.0100274308134339
0.0100274308134339
0.0100274308134339
-0.109781066218703
0.00157301205358733
-0.0053357958569042
-0.00115684676710943
-0.0053357958569042
-0.012653982931386
0.103121007520949
0.0142874076483307
0.013262937074309
0.0111801127148078
0.0111801127148078
0.00442641781847372
0.00442641781847372
0.00442641781847372
-0.0114946124521093
-0.0141445012355134
-0.0153353300160165
-0.0128000294737393
-0.00204674834178134
-0.00745597661515332
-0.00204674834178134
0.0557424472999336
-0.00691219909562774
-0.0143181956209881
-0.0116850169202686
0.00368867826487845
0.00368867826487845
0.00368867826487845
0.0325249148213259
0.0681816086938261
-0.0716721351489171
-0.0201666637115509
-0.0201666637115509
-0.0201666637115509
-0.0201666637115509
0.00157301205358733
0.00315341632740412
0.00272459072764191
0.00152332383210867
0.000245688843808538
-0.000603952143483695
-0.000603952143483695
-0.00097279266705614
-0.00097279266705614
-0.000343597765174848
0.00241057361754776
0.00241057361754776
0.0038456693124032
0.00641292447050672
0.00708809485449029
0.00688296332553966
0.00603547696619549
0.0046953097491314
0.00309474939215475
5.5785961919512e-05
-0.00127117754064416
-0.00217700263850213
-0.0027941813171723
-0.00252425380370064
-0.00199213593053011
-0.00130003772701998
-0.000601092445538583
-1.49281137333326e-05
0.000404394319080396
0.000404394319080396
0.000159942222861802
-0.000290701221979446
-0.000290701221979446
0.000224115356570125
-3.05178887047355e-05
0.000224115356570125
0.000224115356570125
0.000224115356570125
0.000224115356570125
0.000224115356568459
0.000481154236456609
0.00069758625241028
