0.089938152442243
0.089787545106245
0.0898880498853202
0.0899706840697682
0.0894696903536928
0.0852837025688188
0.086081270405118
0.0864029559598097
0.0867589053939916
0.0870667078631132
0.0873793271845137
0.0881109932573018
0.0881109932573018
0.0881109932573018
0.088792747552895
0.0891511071689514
0.0891511071689514
0.0894696903536928
0.0898882667000819
0.0899685774581968
0.0899685774581968
0.0899633905577996
0.0898923743903178
0.0897911769664549
0.0898923743903178
0.0897911769664549
0.0897520371364574
0.089932733475906
0.0903134551700059
0.0903134551700059
0.0903134551700059
0.090892331024759
0.0925066724457057
0.0916491217547178
0.0933777818895037
0.0941461845461805
0.0946828469083211
0.0941330454766646
0.0946723290246815
0.0949128585077307
0.0949128585077307
0.0942906076296125
0.0510890241800112
0.0493692591831084
0.0942906076296125
0.127175057951289
0.12614044668632
0.126197434941276
0.12614044668632
0.124745757074458
0.124663153130398
0.124663153130398
0.124663153130398
0.124663153130398
0.124663153130398
0.124663153130398
0.124663153130398
0.124663153130398
0.123075689405968
0.123075689405968
0.123075689405968
0.124663153130398
0.124663153130398
0.12614044668632
0.12614044668632
0.0884865680078476
0.0874190185638205
0.0864493033883856
0.086081270405118
0.0853436675756331
0.0843350401866135
0.12614044668632
0.12614044668632
0.12614044668632
0.127175057951289
0.127175057951289
0.127621413602058
0.126689372816773
0.127444599927771
0.127444599927771
0.126689372816773
0.126689372816773
0.123832221608873
0.123832221608873
0.122064508977686
0.122064508977686
0.118726298615104
0.118726298615104
0.11741840355715
0.116486401390051
0.11590971933384
0.116254085625635
0.116230500794951
0.116875546129223
0.11784396087877
0.0841276896286597
0.0841276896286597
0.0853233098986933
0.0867195839090239
0.0871948714644698
0.0877287711832039
0.0872586675494694
0.0868079112958667
0.0862445244056672
0.0862784874792563
0.087624581442019
0.087624581442019
0.0883241839654786
0.0885941879404114
0.0879876183788834
0.0836905667722344
0.0879876183788834
0.0886917298082778
0.0874250716095687
0.0869172955125733
0.0869172955125733
0.0862784874792563
0.0862784874792563
0.0862784874792563
0.0862445244056672
0.0864960995138385
0.0864960995138385
0.0862229265352027
0.0862784874792563
0.0862784874792563
0.0862784874792563
0.0868079112958667
0.0871556662008991
0.0870479518037978
0.0874708183360663
0.0874708183360663
0.0877566257161134
0.0876129830700726
0.0876129830700726
0.0871948714644698
0.0860220377199986
0.0860220377199986
0.0848261662124737
0.0844309443393608
0.0841076317456572
0.0841076317456572
0.0846112027193843
0.084935946987213
-0.00768543517900511
-0.00218072371122779
0.0292485485253958
0.028136777594539
0.0284001447203287
0.0284001447203287
-0.0514322540732309
-0.0275686851252609
-0.0514322540732309
-0.0669608481637639
-0.0689914906922436
-0.0669608481637639
-0.0689914906922436
-0.0689914906922436
-0.0689914906922436
-0.0689914906922436
-0.0689914906922436
-0.0689914906922436
-0.0696000485294171
-0.0689914906922436
-0.0696000485294171
-0.0702993319371811
-0.0702993319371811
-0.0702993319371811
-0.0702993319371811
-0.0702993319371811
-0.0702993319371811
-0.0702993319371811
-0.0702993319371811
-0.0702993319371811
-0.0706732958702013
-0.0706732958702013
-0.0709553331318479
-0.0709553331318479
-0.0709553331318479
-0.0709553331318479
-0.0709553331318479
-0.0713165774989787
-0.0713165774989787
-0.0713165774989787
-0.0717481291018388
-0.0721290663585606
-0.0721374569003793
-0.0721374569003793
-0.0723484417822683
-0.0722532476893506
-0.0722532476893506
-0.0722532476893506
-0.0723484417822683
-0.0723484417822683
-0.0723484417822683
-0.0722532476893506
-0.0723484417822683
-0.071724964736341
-0.0707147180681876
-0.0692472463956147
-0.0656700166457388
-0.0656700166457388
-0.0656700166457388
-0.0656700166457388
-0.0640567679401237
-0.0630135412027294
-0.0630135412027294
-0.0630135412027294
-0.0627315019325384
0.0283806119744635
0.0283806119744635
0.0406762401689661
0.0417579936751916
0.0417579936751916
0.0417579936751916
-0.0633370683381259
-0.0648382639069983
-0.0668591749739801
-0.0648382639069983
-0.0648382639069983
-0.0648382639069983
-0.0668591749739801
-0.0690755978930743
-0.0690755978930743
-0.0648382639069983
-0.0690755978930743
-0.0690755978930743
-0.0690755978930743
-0.0690755978930743
-0.0690755978930743
-0.0690755978930743
-0.0690755978930743
-0.0690755978930743
-0.0711488618671944
-0.0690755978930743
-0.0690755978930743
-0.0669918116804159
-0.0668591749739801
-0.0692203016509269
-0.0648382639069983
0.0433503827319558
0.016098682456204
0.0159098701758796
0.0158085956850026
0.0158141382091596
0.0158891879391795
0.0160162218760674
0.0161586261947494
0.016293431394181
0.0164893400864649
0.0164893400864649
0.0164893400864649
0.0165898042092937
0.0165898042092937
0.0165898042092937
0.0169678739143119
0.0169678739143119
0.0176861583110607
0.0181232503023675
0.0185420928647285
0.0185420928647285
-0.0179360345089375
-0.0179360345089375
-0.0171165540046755
-0.0162773547651874
-0.0154873335661073
-0.0154873335661073
-0.0154873335661073
-0.0155205496240044
-0.0142075516119718
-0.0142075516119718
-0.0142075516119718
-0.0137322199071414
-0.0137322199071414
-0.0133196941928383
-0.0313266706834846
-0.0305355981873444
-0.0305355981873444
-0.0305355981873444
-0.0536063936932852
-0.0297364509365136
-0.0530895455848349
-0.0282434197965732
-0.0282434197965732
-0.0282434197965732
-0.0514322540732309
-0.0282434197965732
-0.0282434197965732
0.119034419868583
0.120171450959695
0.121522584952019
0.123854957644315
0.123854957644315
0.124913101186862
0.12175490545918
0.135312920486174
0.117950147444238
0.12175490545918
0.13233662778138
0.113569350203526
0.11374900763722
0.113487984112676
0.11304555819494
0.118041666916764
0.118041666916764
0.112328952598097
0.112328952598097
0.112328952598097
0.112032792077263
0.111979674048713
0.112184481486193
0.11275832568485
0.11275832568485
0.119641094782053
0.113161748492863
0.122513027884133
0.123459115040523
0.11227304389003
0.111446319819911
0.125634536548067
0.126477168292003
0.126477168292003
0.11078718683467
0.126643976184339
0.126643976184339
0.111027826403171
0.11101725772309
0.110864032458673
0.110561829308705
0.119989148973857
0.1187982448877
0.117721618658448
0.105857302584027
0.105221386808219
0.105010541651402
0.105706764166029
0.108119058853654
0.108119058853654
0.126669130551606
0.111087409000606
0.113848796666152
0.113792763628536
0.193088421690527
0.192831759640344
0.192831759640344
0.190615354880333
0.189003429231723
0.189003429231723
0.189003429231723
0.186085459870628
0.186085459870628
0.185634720074609
0.185634720074609
0.186954145315405
0.125685415772719
0.126253706246833
0.125685415772719
0.126253706246833
0.126643976184339
0.126643976184339
0.186954145315405
0.189558876413345
0.192662957047847
0.196024659895467
0.192662957047847
0.192662957047847
0.196453689615596
0.192662957047847
0.192662957047847
0.192662957047847
0.192662957047847
0.192662957047847
0.189238740063384
0.186954145315405
0.189558876413345
0.189558876413345
0.185634720074609
0.186954145315405
0.185372001479144
0.186085459870628
0.187393586802789
0.187393586802789
0.189125089382816
0.190716036234824
0.126779185861829
0.126779185861829
0.126477168292003
0.126477168292003
0.126477168292003
0.125460429726512
0.125460429726512
0.125460429726512
0.124191461187762
0.124065958885082
0.123317753027135
0.123317753027135
0.121480789549318
0.120377415552077
0.119440759939296
0.119440759939296
0.118327008836629
0.11732296205646
0.117154095480081
0.116442154662385
0.1161373813026
0.11675493001447
0.120750487368821
0.120750487368821
0.1233811526046
0.123836589095523
0.123836589095523
0.12372195677555
0.12372195677555
0.12372195677555
0.1212025143498
0.1212025143498
0.1212025143498
0.119209954595832
0.117386884597452
0.117386884597452
0.116354517656512
0.119209954595832
0.119209954595832
0.0869172955125733
0.0869172955125733
0.101086820772125
0.112837926286045
0.112837926286045
0.112837926286045
0.113511439477939
0.0907558847645681
0.105103805889578
-0.0668591749739801
-0.0668591749739801
-0.0668591749739801
-0.0648382639069983
-0.0648382639069983
-0.168358743645916
-0.168038686961784
-0.220581288939798
-0.226045020571133
-0.225807633199796
-0.229272759564077
-0.229272759564077
-0.232519958185922
-0.232519958185922
-0.232950631648704
-0.232125973382997
-0.232125973382997
-0.232125973382997
-0.230866048907044
-0.228954933785234
-0.228954933785234
-0.222661016306628
-0.21800571516586
-0.21800571516586
-0.212206542985299
-0.160279336761349
-0.160279336761349
-0.120204627661912
-0.120204627661912
-0.118134406272573
-0.118134406272573
-0.118134406272573
-0.104746761443979
-0.104746761443979
-0.104746761443979
-0.104746761443979
-0.104705753123036
-0.104705753123036
-0.104746761443979
-0.104706068861291
-0.104705753123036
-0.104745814307862
-0.104745814307862
-0.104745814307862
-0.104745814307862
-0.104757396477203
-0.104757396477203
-0.104745814307862
-0.104603426693441
-0.104247777538425
-0.104247777538425
-0.104247777538425
-0.104381120444191
-0.104362022625357
-0.104362022625357
-0.103870476629507
-0.104362022625357
-0.103870476629507
-0.103143754384326
-0.103143754384326
-0.102340651543199
-0.10159752925946
-0.103143754384326
-0.10245654424427
-0.10245654424427
-0.0648382639069983
-0.0627315019325384
-0.0627315019325384
-0.0627315019325384
-0.0627315019325384
-0.0629909963919858
-0.0656700166457388
-0.101804786650754
-0.10119916048565
-0.10159752925946
-0.10159752925946
-0.10159752925946
-0.10159752925946
-0.10159752925946
-0.103143754384326
-0.103143754384326
-0.103143754384326
-0.101699668582586
-0.102340651543199
-0.10245654424427
-0.103143754384326
-0.10245654424427
-0.10245654424427
-0.103143754384326
-0.10245654424427
-0.103143754384326
-0.103143754384326
-0.103143754384326
-0.103143754384326
-0.103143754384326
-0.103143754384326
-0.0640567679401237
-0.0656700166457388
-0.0674851874702033
-0.0674851874702033
-0.0692579450590508
-0.0707147180681876
-0.104980110099944
-0.105105537411471
-0.105141994073411
-0.105141994073411
-0.105141994073411
-0.105001143273927
-0.105001143273927
-0.104515596281058
-0.10431694689064
-0.10431694689064
-0.104239825225593
-0.104339116292103
-0.104614749866381
-0.163088283743621
-0.163088283743621
-0.163088283743621
-0.163088283743621
-0.172533828438855
-0.170419306134161
-0.166372239702685
-0.166372239702685
-0.166372239702685
-0.164844077407613
-0.164039565967826
-0.164039565967826
-0.164039565967826
-0.164039565967826
-0.164039565967826
-0.164787591082562
-0.164039565967826
-0.164039565967826
-0.164039565967826
-0.164039565967826
-0.164039565967826
-0.164039565967826
-0.164844077407613
-0.164039565967826
-0.164844077407613
-0.164844077407613
-0.166372239702685
-0.166372239702685
-0.164844077407613
0.190716036234824
0.192093377731474
0.193083116943785
0.191486326199551
0.192600986240941
0.191486326199551
0.175976840438113
0.171551712042018
0.174233434933828
0.182623096322264
0.182623096322264
0.19019193417395
0.19622314301681
0.19622314301681
0.197573787337983
0.197020187550174
0.195952963773341
0.193825870043569
0.192789171283431
0.191815877481417
0.19185236327803
0.192160910583296
0.192670786619604
0.194143203598983
0.195243207879485
0.195243207879485
0.195243207879485
0.195252084908412
0.19367793275883
0.192251403031194
0.188737605143213
0.190691323896215
0.188737605143213
0.186738790244085
0.18493877976885
0.183427666657008
0.183427666657008
0.181908352899533
0.133915527922352
0.136877958282923
0.136887027489809
0.139222416340018
0.13989495134009
0.140144127713033
0.139383587713225
0.139383587713225
0.139383587713225
0.138561756193322
0.136895098702806
0.136895098702806
0.136895098702806
0.136645238293112
0.136645238293112
0.138649348830435
0.14105486282075
0.144345758674915
0.144345758674915
0.14105486282075
0.138649348830435
0.144345758674915
0.14870149974626
0.144673130486372
0.144673130486372
0.144673130486372
0.144345758674915
0.144345758674915
0.188044634603784
0.18436074328982
0.182963653816148
0.18190658163329
0.18493877976885
0.184883862613927
0.144345758674915
0.144345758674915
0.148302002211399
0.14105486282075
0.14105486282075
0.14105486282075
0.14105486282075
0.137140271477811
0.137140271477811
0.137140271477811
0.136645238293112
0.136923161299744
0.13763521305764
0.138526329558379
0.138526329558379
0.139963180092949
0.140144127713033
0.140144127713033
0.139216767622192
0.139888855121183
0.139216767622192
0.138183302516175
0.138183302516175
0.136877958282923
0.188649217779724
0.19367793275883
0.19367793275883
0.195272901795883
0.194808909924745
0.193547389601325
0.192217651456807
0.191799786042657
0.192789171283431
0.196140625348478
0.19687457916988
0.197467941053982
0.196776396812058
0.192362448746773
0.184589080497037
0.179666241301516
0.169915732455153
0.169480499190626
0.17306976725543
0.176267197311805
0.185460053457853
0.197303108387117
0.197303108387117
0.199492354247316
0.197381320388321
0.191491550733439
0.191491550733439
0.191491550733439
0.194364128834605
0.194364128834605
0.191491550733439
0.192742133551948
0.192742133551948
0.192742133551948
0.195356641356212
0.195356641356212
0.199128182090116
0.198816579556106
0.19656104755054
0.193954695298927
0.193954695298927
0.180061026227951
0.180061026227951
0.176267197311805
0.170296120740642
0.170296120740642
0.170296120740642
0.169480499190626
-0.103781520416997
-0.104299291327067
-0.104714416348719
-0.104714416348719
-0.104714416348719
-0.104783629423745
-0.112824468670372
-0.112824468670372
-0.112824468670372
-0.112824468670372
-0.112824468670372
-0.112824468670372
-0.112824468670372
-0.112824468670372
-0.122907052301944
-0.122907052301944
-0.118281597674079
-0.115445380970138
-0.11873862030153
-0.118281597674079
-0.122907052301944
-0.11873862030153
-0.11873862030153
-0.122907052301944
-0.122907052301944
-0.122907052301944
-0.11873862030153
-0.115445380970138
-0.115445380970138
-0.112824468670372
-0.206727119108096
-0.201284784000433
-0.210231207690488
-0.210231207690488
-0.210231207690488
-0.210231207690488
-0.210231207690488
-0.212078744387502
-0.212078744387502
-0.212910168445863
-0.212910168445863
-0.212910168445863
-0.211533995470279
-0.209064967950922
-0.209064967950922
-0.210026252441256
-0.210026252441256
-0.211853770915235
-0.211992436877972
-0.211461836167515
-0.21183548520507
-0.212699657536023
-0.213082654019141
-0.212731623142148
-0.208334994063463
-0.208334994063463
-0.206207050018529
-0.203518371089897
-0.198749642536563
-0.196343541326114
-0.194506764213062
-0.193596625983589
-0.194073611847171
-0.195976546832161
-0.194073611847171
-0.193425244186014
-0.104783629423745
-0.104783629423745
-0.104783629423745
-0.104381120444191
-0.104381120444191
-0.104177766348099
-0.195565367482389
-0.202207736488465
-0.202207736488465
-0.202207736488465
-0.202207736488465
-0.205582446092898
-0.205582446092898
-0.209303128007405
-0.209303128007405
-0.211324457054231
-0.210541202652048
-0.210541202652048
-0.210541202652048
-0.210541202652048
-0.210541202652048
-0.211138075406768
-0.210541202652048
-0.210541202652048
-0.210541202652048
-0.211138075406768
-0.211138075406768
-0.210541202652048
-0.208674030259018
-0.205582446092898
-0.104003123784284
-0.104083594694953
-0.104234710811945
-0.104441847291757
-0.104603426693441
-0.104603426693441
-0.104756812102123
-0.104757858451418
-0.104746891868854
-0.104757396477203
-0.104746891868854
-0.104715765608239
-0.104706068861291
-0.104746761443983
-0.104746761443983
-0.104978301333195
-0.104746761443983
-0.104844208891085
-0.104979211760963
-0.105105537411471
-0.105105537411471
-0.105105537411471
-0.105172531943581
-0.105172674799855
-0.105138528214097
-0.104997416010307
-0.104766135283701
-0.104766135283701
-0.1045077139527
-0.104311126411951
-0.104311126411951
-0.104360671562017
-0.104311126411951
-0.104360671562017
-0.10509818878817
-0.10509818878817
-0.10509818878817
-0.10509818878817
-0.105646665827684
-0.106142391659291
-0.106142391659291
-0.106142391659291
-0.106142391659291
-0.106801677332142
-0.106855850889033
-0.110654493766603
-0.112824468670372
-0.112824468670372
0.133944432427847
0.138183302516183
0.138183302516183
0.135484771997093
0.1368959736663
0.132563496726355
0.0287346122140867
0.0287346122140867
0.0287346122140867
0.0287410238947202
0.0292003816144063
0.0298789611850153
0.0292003816144063
0.0292003816144063
0.0292003816144063
0.0300406327146919
0.0321231101463556
0.0331281907824145
0.0331281907824145
0.0331281907824145
0.0331281907824145
0.0342145853868355
0.0342145853868355
0.0342145853868355
0.0349945806440807
0.0349945806440807
0.0356730443192684
0.0362137053811306
0.0361693766192924
0.0361693766192924
0.0362137053811306
0.0361693766192924
0.0361693766192924
0.0361693766192924
0.0359479865003919
0.0356172224972592
0.0352930107322705
0.0352930107322705
0.0352930107322705
0.0349733877420128
0.0349733877420128
0.0346876117474056
0.0349204834265758
0.0349204834265758
0.0349204834265758
0.0351588077213406
0.0351588077213406
0.0356215188494861
0.0356130550593124
0.0357201071187286
0.0356884547485709
0.0356884547485709
0.0356884547485709
0.0356884547485709
0.0356884547485709
0.0355282406906908
0.0355282406906908
0.0355282406906908
0.0355282406906908
0.0352864528223807
0.0352864528223807
0.0350373477257985
0.0350373477257985
0.0348498550987087
0.0348498550987087
0.0350415234829305
0.132563496726355
0.132563496726355
0.132563496726355
0.130222385001051
0.130222385001051
0.128995744330125
0.0350415234829305
-0.0200417681339687
-0.0186742534730574
-0.0195051048967184
-0.0186742534730574
-0.0176077545839196
-0.0163509767673283
-0.0163509767673283
-0.0149272351542987
-0.0149272351542987
-0.0135753058528295
-0.0135753058528295
-0.0123237324192961
-0.0123237324192961
-0.0114329967944816
-0.0111046096022588
-0.0111046096022588
-0.0113919362101339
-0.01234632462626
-0.01234632462626
-0.01234632462626
-0.01234632462626
-0.0113020674324397
-0.0111163034898291
0.129009930877076
0.129213895795492
0.129213895795492
0.132167676994659
0.132167676994659
0.133755695230083
0.135324546828934
0.138735292427421
0.141130297068025
0.141999869883104
0.141130297068025
0.142420313359341
0.142420313359341
0.142420313359341
0.141387175825199
0.140399827202287
0.138915261184089
0.138915261184089
0.138915261184089
0.137139200575361
0.133426343975374
0.133426343975374
0.133426343975374
0.129337740972283
0.130973860994799
0.129337740972283
0.0647335186002361
0.0647335186002361
0.0647335186002361
0.0669446433243169
0.0669446433243169
0.0669446433243169
0.06964617730607
0.06964617730607
0.06964617730607
0.0720681177251709
0.072666916110058
0.0751865223042475
0.0751865223042475
0.0732775120319494
0.0732775120319494
0.0674080170513999
0.0674080170513999
0.0701994096912212
0.0674080170513999
0.0701994096912212
0.0701994096912212
0.0287346122140867
-0.209877377855789
-0.206345690198916
-0.202962707458083
-0.199041786655678
-0.195976546832161
-0.195976546832161
-0.17252622486302
-0.186697774608114
-0.175805471497499
-0.187871352749518
-0.160389750887568
-0.160389750887568
-0.160389750887568
-0.143873710624912
-0.000131051142237548
-0.000131051142237548
-0.000131051142237548
-0.000299291783703803
-0.000436322786712462
-0.000326808255546207
-0.00043680093512577
-0.00043680093512577
-0.000436322786712462
-0.000436322786712462
-0.000436322786712462
-0.00043680093512577
-0.00043680093512577
-0.00043680093512577
-0.00043680093512577
-0.000436322786712462
-0.000436322786712462
-0.000352229555661832
-0.000352229555661832
-0.000352229555661832
-0.000352229555661832
-0.000352229555661832
7.10662381201432e-05
7.10662381201432e-05
0.000244078825887617
0.000469864659140673
0.000469864659140673
0.000469864659140673
0.000625684654646297
0.000675871474178469
0.000614710275406272
0.000450975037181611
0.00014954859130889
-0.000618777308484364
-0.000618777308484364
-0.0015010418888125
-0.0015473037322743
-0.0015473037322743
-0.00083620060997347
-0.000476582039106499
-0.000134372950806205
0.000105501883752912
0.00015327605355886
-0.000812636212018769
-0.00197497606578068
-0.00342985957173247
-0.00421425449418045
-0.00569754906810871
-0.0057184129676856
-0.00623367866321523
-0.00623367866321523
-0.19430496147412
-0.193484835437723
-0.193505880695373
-0.196343541326114
-0.194734856926936
-0.194734856926936
-0.00654000535592913
-0.0061359995935647
-0.0061359995935647
-0.0061359995935647
-0.00336636589192885
-0.00328020386638428
-0.00229092098642425
-0.00229092098642425
-0.00151130284101597
-0.00124309354114238
-0.00124309354114238
-0.00151130284101597
-0.00124309354114238
-0.00124309354114238
-0.00124309354114238
-0.00150251691126335
-0.0022981280016684
-0.0022981280016684
-0.0022981280016684
-0.00150251691126335
-0.0022981280016684
-0.0022981280016684
-0.0022981280016684
-0.00150251691126335
-0.0022981280016684
-0.198749642536563
-0.198749642536563
-0.201457299645674
-0.201088087022513
-0.203871317034334
-0.208592532950556
-0.210348448637186
-0.211713732389937
-0.211845374438272
-0.212802747747681
-0.213233373262433
-0.213301166398635
-0.213301166398635
-0.213301166398635
-0.212226482151076
-0.212226482151076
-0.211555683690241
-0.211555683690241
-0.211461836167515
-0.211545341222468
-0.211745512472191
-0.212000329008528
-0.211992436877972
-0.212284115083918
-0.212284115083918
-0.212177265665272
-0.211853770915235
-0.211339588468903
-0.211339588468903
-0.211339588468903
-0.210042836904526
-0.209071443407536
-0.209071443407536
-0.208972328230346
-0.208972328230346
-0.209198591480836
-0.209198591480836
-0.210583553729235
-0.210583553729235
-0.212312494215136
-0.212910168445863
-0.212910168445863
-0.212078744387502
-0.210456071003888
-0.207126765792207
-0.207126765792207
-0.195325076700838
-0.195325076700838
-0.0113020674324397
-0.012134788108935
-0.01234632462626
-0.0111163034898291
-0.0113020674324397
-0.0111163034898291
0.0208434175157201
0.0204769661284444
0.0187832142527259
0.0187832142527259
0.0187832142527259
0.0187832142527259
0.0176939073928813
0.0165261303025473
0.015151303463612
0.015151303463612
0.015151303463612
0.015151303463612
0.0139575119829615
0.0131142013769711
0.0131142013769711
0.015151303463612
0.0139575119829615
0.0139575119829615
0.0139575119829615
0.0162932606014926
0.0139575119829615
0.0139575119829615
0.0149287169023388
0.0162932606014926
0.0149287169023388
0.0149287169023388
0.0162932606014926
0.0162932606014926
0.0162932606014926
0.0162932606014926
0.0162932606014926
0.0162932606014926
0.0162932606014926
0.0174734648416993
0.0162932606014926
0.018592433257136
0.0204769661284444
0.0204769661284444
0.0204769661284444
0.0204769661284444
0.0204769661284444
0.0208434175157201
0.0208434175157201
0.0208236162382952
0.0197332124260018
0.0197332124260018
0.0180261346994356
0.0189267551142215
0.0169245965237234
0.0162311569076145
0.0156243923264824
0.0152062622423933
0.0154781062028838
0.0159751505091236
0.0173951020904922
0.0173951020904922
0.0186310701164621
0.0189319282817993
0.0190031573388342
0.0185274845630136
-0.0111163034898291
-0.0111163034898291
-0.0111163034898291
-0.0111163034898291
-0.0111088655238863
-0.0114742190678027
0.0188619002617322
0.0185420928647285
0.0181289465417481
0.0172860006838188
0.0169661142729175
0.0165898042092937
0.0164893400864649
0.016293431394181
0.0160162218760674
0.0160162218760674
0.0158085956850026
0.0158141382091596
0.0159332984722492
0.0163247571552773
0.0164872261699137
0.0165131682757799
0.0165131682757799
0.0158215212372098
0.0149067160818489
0.0123129778854675
0.00985988745214883
0.0107969941478415
0.0123129778854675
0.0123129778854675
-0.0124495145005675
-0.0136437340328016
-0.0136437340328016
-0.0149909742583735
-0.0149909742583735
-0.0149909742583735
-0.0164028694952226
-0.0186989932970939
-0.0200417681339687
-0.0200417681339687
-0.0200417681339687
-0.0202693165385942
-0.0202693165385942
-0.0202200293490592
-0.0202200293490592
-0.0199212398457548
-0.0194087002128577
-0.0187143214957207
-0.0170621572315398
-0.0170621572315398
-0.0154538624024124
-0.0148141443143491
-0.0142075516119718
-0.0142075516119718
-0.0133451122819349
-0.0130124096334335
-0.0130124096334335
-0.0125934775399984
-0.0125076789438737
-0.0125076789438737
-0.0125053406916081
-0.0127181413212129
-0.0130557576109006
-0.0125110021802034
-0.0125110021802034
-0.0125110021802034
-0.0126923371578042
0.0171226305247504
0.0171226305247504
0.0189267551142215
0.0198323718095398
0.0198323718095398
0.0198323718095398
0.0198323718095398
0.0204378968916316
0.0208236162382952
0.0208177325331987
0.0208177325331987
-0.0022981280016684
-0.00682821846303916
-0.00522573976647045
-0.00522573976647045
-0.00522573976647045
-0.00522573976647045
-0.00144580738765476
-0.0015473037322743
-0.000946726560878797
-0.00129024655041909
-0.0014752804763728
-0.00126274562413797
-0.000527944014961146
-0.000527944014961146
-0.000527944014961146
-0.000147281688763878
0.000507794470015033
0.000507794470015033
0.000507794470015033
0.000507794470015033
0.000654656211971916
0.000643496095965479
0.000673994302013203
0.00040875028499443
0.000591112662889803
0.00040875028499443
0.000244078825887617
0.000206269870985598
-6.91487374993027e-06
-6.91487374993027e-06
-4.58668326029921e-05
-0.00020176889638257
-0.000235451646159457
-0.000166890868007807
-0.000235451646159457
-0.000235451646159457
-0.000235451646159457
0.000244078825887617
-6.91487374993027e-06
0.000244078825887617
0.000244078825887617
0.000244078825887617
0.000244078825887617
0.000244078825887617
0.000244078825887617
0.000244078825887617
0.000244078825887617
0.000244078825887617
0.00044019206552115
0.00044019206552115
0.000675871474178469
0.000630153161386038
0.000480188622455135
0.000230205535024841
0.000190283914237033
0.000450975037181611
0.000450975037181611
0.000450975037181611
0.000630153161386038
0.000450975037181611
0.000630153161386038
0.000450975037181611
0.000190283914237033
-0.000193336968259739
-0.000193336968259739
-0.000573724453768132
-0.00522573976647045
-0.00665618356692199
-0.005026377016775
-0.00522573976647045
-0.00665618356692199
-0.00522573976647045
-0.000573724453768132
-0.00129024655041909
-0.00148890286558234
-0.000520355463000111
-0.000542854135018866
-0.000860334307049793
-0.000165835796381297
-0.00154921771645256
0.000614710275406272
0.000630153161386038
0.000675871474178469
0.000630153161386038
0.000614710275406272
0.000630153161386038
0.000480188622455135
0.000630153161386038
0.000480188622455135
0.000230205535024841
0.000190283914237033
-0.000573724453768132
-0.000573724453768132
-0.000573724453768132
-0.000573724453768132
-0.000573724453768132
-0.00682821846303916
-0.0038962921510749
-0.0038962921510749
-0.0038962921510749
-0.00255637074429493
-0.00156476925091276
-0.00124309354114238
-0.00124455218923891
-0.00124309354114238
-0.00146445222881197
-0.00146445222881197
-0.00328020386638428
-0.00434930782161025
-0.00328020386638428
-0.00434930782161025
-0.00532483717163756
-0.00538362966553307
-0.00650039299869298
-0.0061359995935647
-0.00538362966553307
-0.00538362966553307
-0.00650039299869298
-0.00650039299869298
-0.00650039299869298
-0.00654643676066058
-0.00626754926559492
-0.0057184129676856
-0.0057184129676856
-0.0057184129676856
-0.0057184129676856
-0.0050037080724622
-0.00421425449418045
-0.00342985957173247
-0.00342985957173247
-0.00267463226894094
-0.00197497606578423
-0.00134988613568054
-0.00134988613568054
-0.000806152427114237
-3.39253720554877e-05
0.000157328001344159
0.000157328001344159
0.000202441248489227
0.000202441248489227
9.75593583137924e-05
-0.000149868186819613
-0.000860334307049793
-0.000860334307049793
0.0123129778854675
0.00985988745214883
0.00985988745214883
0.0100149381084594
0.00917756782851697
0.00924287423574832
-0.0148471794815589
-0.0142389126511561
-0.0137608377907402
-0.0126055693741617
-0.0125110021802034
-0.0125238436324072
-0.0126685634454845
-0.0133067497961531
-0.0138700267069866
-0.015112389568272
-0.015112389568272
-0.0159038333084734
-0.0172881340178009
-0.018092543858878
-0.0187836667289706
-0.0196456406484903
-0.0197951690222017
-0.0207743771583669
-0.0574731803773333
-0.0577000255885619
-0.0574731803773333
-0.0577000255885619
-0.0568830293941759
-0.0568830293941759
-0.0549136650017211
-0.0550814478143707
-0.0549136650017211
-0.0551440121763606
-0.0551440121763606
-0.0603370172583489
-0.0569528496686197
-0.054879815201997
-0.0545785816833381
-0.0897095884613081
-0.0925049330187598
-0.0897095884613081
-0.0897095884613081
-0.102286549746359
-0.108876796385398
-0.108518461235394
-0.106001722111867
-0.105995950681976
-0.106396159274892
-0.106694553557419
-0.105457990559029
-0.104554264802455
-0.104546630904889
-0.104791887837115
-0.10479807170663
-0.105171937468129
-0.104852017144444
-0.104852017144444
-0.104741385108476
-0.104730240896409
-0.104487590356128
-0.104136563226006
-0.104136563226006
-0.104267197040172
-0.104696601266046
-0.104798012059915
0.0101404172978415
0.00971376013196867
0.00971376013196867
0.00971376013196867
0.00971376013196867
0.0107969941478415
-0.10365077303205
-0.101636419919537
-0.101540213607465
-0.101540213607465
-0.101103710705417
-0.101342652103734
-0.102058223179473
-0.101342652103734
-0.102058223179473
-0.102058223179473
-0.102729733259992
-0.103345327459666
-0.103345327459666
-0.103235293764579
-0.103344377502393
-0.102140962322665
-0.102519349105234
-0.102140962322665
-0.102140962322665
-0.103344377502393
-0.102140962322665
-0.102729733259992
-0.102729733259992
-0.102058223179473
0.0107969941478415
0.0123129778854675
0.0123129778854675
0.0123129778854675
0.0123129778854675
0.0123129778854675
0.0136285171439826
0.0147757582109086
0.0147757582109086
0.0147757582109086
0.0165131682757799
0.0164979915619227
0.0165131682757799
0.0164872261699137
0.0163247571552773
0.016098682456204
0.0159212571041031
0.0159212571041031
0.0159212571041031
0.0158181406851085
0.0158085956850026
0.0159098701758796
0.0159098701758796
0.0159098701758796
0.0158141382091596
0.0159098701758796
0.0159098701758796
0.0158085956850026
0.0158142714768746
0.0158085956850026
0.0158141382091596
0.0158112797411373
0.0158891879391795
0.0160162218760674
0.0160162218760674
0.0161586261947494
0.0163978085679456
0.0164893400864649
-0.0195181045777993
-0.0200417681339687
-0.0202698666523887
-0.0202200293490592
-0.0194163427795581
-0.0194087002128577
-0.0199185912854415
-0.0179570153376688
-0.0171165540046755
-0.0155205496240044
-0.000946726560878797
-0.000946726560878797
-0.000946726560878797
-0.00131622999524594
-0.0015010418888125
-0.00148890286558234
0.0152897324987783
0.0152897324987783
0.0152897324987783
0.0152897324987783
0.0157312275668203
0.0164782483061795
0.0164782483061795
0.0164782483061795
0.0174392381654523
0.0183716446163632
0.0183716446163632
0.0183716446163632
0.0183716446163632
0.0183716446163632
0.0183716446163632
0.0200236569013718
0.0200236569013718
0.0206295940979909
0.0206295940979909
0.0206295940979909
0.0208711842306403
0.0206295940979909
0.0208711842306403
0.0207404073810223
0.0201857870779093
0.0201857870779093
0.0201857870779093
0.0201857870779093
0.0201857870779093
0.0194004659027992
0.0183936319057941
0.0183936319057941
0.0183936319057941
0.0170168476723261
0.0170168476723261
0.0170168476723261
0.018592433257136
0.0172475931518107
0.0170168476723261
0.0172475931518107
0.0172475931518107
0.0170168476723261
0.0172475931518107
0.0172475931518107
0.018592433257136
0.018592433257136
0.018592433257136
0.020292603872167
0.020292603872167
0.0205705985472352
0.0205705985472352
0.0199292927026465
0.0191522592671954
0.0182552401105226
0.0182552401105226
0.0172256317213569
0.0163102567585344
0.0156761242980369
0.0156761242980369
0.0152676416825442
-0.00148890286558234
-0.00148890286558234
-0.00154423577636364
-0.0015473037322743
-0.00119004035257297
-0.00119004035257297
0.0151982810076677
0.015931607328434
0.015931607328434
0.0166323674464383
0.0173522227093851
0.0180630793398225
0.0185919231091393
0.0189161721521433
0.0190057961746418
0.0188619002617322
0.017688954095438
0.017688954095438
0.017688954095438
0.01696433569819
0.0167374920197388
0.0163946978473418
0.0163946978473418
0.0164846408867315
0.0163946978473418
0.0163946978473418
0.0163946978473418
0.0163946978473418
0.0163946978473418
0.0162887781244719
0.0539826142051957
0.0539356447702711
0.0545044686465214
0.0529952682526861
0.0529952682526861
0.05339767889057
0.0529952682526861
0.0529952682526861
0.0529952682526861
0.0527061646003705
0.0527061646003705
0.0527061646003705
0.0529701487854936
0.0529952682526861
0.0529952682526861
0.0529952682526861
0.0529952682526861
0.0527061646003705
0.0527061646003705
0.0527061646003705
0.0527061646003705
0.0527061646003705
0.0529952682526861
0.0529952682526861
0.0529952682526861
0.0529952682526861
0.0529952682526861
0.0527061646003705
0.0529952682526861
0.0529952682526861
0.0529952682526861
0.0529952682526861
0.0529952682526861
0.0529952682526861
0.0529952682526861
0.0158884228340056
0.0158884228340056
0.0158884228340056
0.0158884228340056
0.0153894642688545
0.0158884228340056
0.01536258285834
0.0153894642688545
0.0151889967524773
0.0151924908629236
0.0151924908629236
0.0152897324987783
0.0151982810076677
-0.102729733259992
-0.101448617029434
-0.101448617029434
-0.101448617029434
-0.100874573900573
-0.101044873697243
-0.0890646993571885
-0.111226198004982
-0.125842552593409
-0.151669395228597
-0.178827778045897
-0.175140206621572
-0.175140206621572
-0.174269717925052
-0.174269717925052
-0.174269717925052
-0.1740874489064
-0.174269717925052
-0.174269717925052
-0.175842270181166
-0.177638918977692
-0.180104960012693
-0.18066402371029
-0.180309644135444
-0.180309644135444
-0.17729502722164
-0.174733079470187
-0.174733079470187
-0.167230662048776
-0.165478117699576
-0.164281701743158
-0.165297090850901
-0.168833234594729
-0.171028890277765
-0.176741408459803
-0.178869057724102
-0.177658996614365
-0.173392237345009
-0.167047727348535
-0.160633940349621
-0.157711535510043
-0.162849116223495
-0.17996760404539
-0.160735482534817
-0.10517162817831
-0.10517162817831
-0.105105537411476
-0.104853536753732
-0.104853536753732
-0.104755129391173
-0.104711862956495
-0.104711862956495
-0.104755129391173
-0.104708097482223
-0.104708097482223
-0.104711186164484
-0.104711186164484
-0.104711186164484
-0.104711186164484
-0.104740262520509
-0.104711186164484
-0.104711186164484
-0.104739138951916
-0.104758570484001
-0.104758570484001
-0.104758570484001
-0.101044873697243
-0.101044873697243
-0.101447736505316
-0.100993598195782
-0.100876480085758
-0.100993598195782
-0.10473312487738
-0.10473312487738
-0.104648539010507
-0.104508871767527
-0.104159352832805
-0.104648539010507
-0.104498365526528
-0.104648539010507
-0.104508871767527
-0.104337580906937
-0.104508871767527
-0.104498365526528
-0.104648539010507
-0.104648539010507
-0.104508871767527
-0.104508871767527
-0.104648539010507
-0.104648539010507
-0.104648539010507
-0.104648539010507
-0.104648539010507
-0.104648539010507
-0.104758570484001
-0.104648539010507
-0.102131976208299
-0.10279885489624
-0.103458190349189
-0.104035539224255
-0.104523287645246
-0.104828391785721
-0.104828391785721
-0.104525975916259
-0.104009338031598
-0.104017028787338
-0.104286768697435
-0.104465241057809
-0.104723846592244
-0.104758443250538
-0.104713320286019
-0.104706793098553
-0.10484893614604
-0.104981871406875
-0.105105537411469
-0.105143082279299
-0.105008357251143
-0.104785603448842
-0.104328930193755
-0.104328930193755
-0.104573642090389
-0.105002780332426
-0.105531999773613
-0.106029661139291
-0.106450003697902
-0.10675376839353
-0.106859954636615
-0.106581372508438
-0.106581372508438
-0.106091901874968
-0.105978635935068
-0.105978635935068
-0.106787199499792
-0.106787199499792
-0.108074757698316
-0.108601458525267
-0.108741550931202
-0.108019060854119
-0.108019060854119
-0.106342550299984
-0.0939612990588444
-0.0939612990588444
-0.0912069781955552
-0.0890646993571885
0.016152086335926
0.0160012583183234
0.0160012583183234
0.0160012583183234
0.0160012583183234
0.0160012583183234
-0.0563573067977864
-0.0560104013167003
-0.0555454236339202
-0.0550683023326347
-0.0543646276258077
-0.0543646276258077
-0.0542202219479621
-0.0541737885780503
-0.0541737885780503
-0.0539409206539386
-0.053571032358623
-0.053571032358623
-0.0530353651204302
-0.0522605719648358
-0.0522605719648358
-0.051343174959828
-0.0505689750741219
-0.0489257234700496
-0.0496656730721651
-0.0489257234700496
-0.0489257234700496
-0.0484535598788786
-0.0484919436575212
-0.0483240625805238
-0.0483240625805238
-0.0483240625805238
-0.0484928481306522
-0.0484928481306522
-0.0489605200451323
-0.0489605200451323
-0.0498501246086843
-0.0498501246086843
-0.0498501246086843
-0.0510647918745083
-0.0510647918745083
-0.0510647918745083
-0.0535711688528612
-0.0535711688528612
-0.0550657724394207
-0.0550657724394207
-0.0550657724394207
-0.000436322786712462
-0.000424569696605981
-0.000306796845729873
-0.000424569696605981
-0.000306796845729873
-8.75888994195106e-05
-8.75888994195106e-05
0.000607564496499013
0.000225029058124382
0.000225029058124382
-8.75888994195106e-05
0.000607564496499013
0.000607564496499013
0.00070874323782022
0.00070874323782022
0.00111701183720492
0.00121526087087276
0.00146046865205485
0.0160012583183234
0.0160012583183234
0.0158062391375423
0.0158765091815251
0.0158062391375423
0.0158062391375423
0.00146046865205485
0.00163939569649785
0.00163939569649785
0.00163939569649785
0.00163939569649785
0.00163939569649785
0.00163939569649785
0.00163939569649785
0.00152813851932188
0.000607564496499013
0.00152813851932188
0.00121526087087276
0.000607564496499013
0.000607564496499013
0.000225029058124382
0.000225029058124382
0.000225029058124382
0.000225029058124382
-8.75888994195106e-05
-0.000146835661829381
-0.0003418921367907
-0.0003418921367907
-0.0003418921367907
-0.000410985678773623
0.0158062391375423
0.0158227099203333
0.0158227099203333
0.0158042306412024
0.0158042306412024
0.0158042306412024
0.0158042306412024
0.0158042306412024
0.0158042306412024
0.0158042306412024
0.0158765091815251
0.0158765091815251
0.0158765091815251
0.0158765091815251
0.0158765091815251
-0.0544064248334192
-0.0556233847535087
-0.0544064248334192
-0.0544064248334192
-0.0544064248334192
-0.0544064248334192
-0.0544064248334192
-0.0544064248334192
-0.0544064248334192
-0.0532821028743456
-0.0544064248334192
-0.0544064248334192
-0.0544064248334192
-0.0544064248334192
-0.0544064248334192
-0.0532821028743456
-0.0532821028743456
-0.0532821028743456
-0.052230125709351
-0.052230125709351
-0.0524780767333589
-0.0524780767333589
-0.0524780767333589
-0.0531580573424656
-0.0531580573424656
-0.0540730952554175
-0.0557714081837063
-0.0540730952554175
-0.0549930603080931
-0.0557714081837063
-0.0564730898143403
-0.0563573067977864
-0.0563573067977864
-0.10473312487738
-0.104758619813666
-0.104758619813666
-0.104741385108476
-0.104758619813666
-0.10463467349309
-0.10424118901473
-0.10424118901473
-0.10424118901473
-0.10424118901473
-0.10424118901473
-0.104303605807071
-0.104554264802455
-0.104554264802455
-0.104943051867216
-0.104943051867216
-0.105457990559029
-0.105992012682843
-0.106418488626443
-0.106418488626443
-0.106418488626443
-0.106735202772396
-0.106735202772396
-0.106859954636615
-0.105954405805236
-0.105457990559029
-0.105954405805236
-0.105457990559029
-0.104535650491805
-0.104554264802455
-0.104303605807071
-0.104535650491805
-0.10424118901473
-0.10424118901473
-0.104341306893862
-0.104546630904889
-0.104546630904889
-0.104791887837115
-0.105011847666627
-0.105011847666627
-0.105171937468129
-0.105171937468129
-0.105171937468129
-0.105105537411469
-0.105105537411469
-0.104982734809581
-0.104753727651775
-0.104707634826597
-0.104850483638814
-0.104758443250538
-0.104226677976967
-0.104226677976967
-0.104226677976967
-0.104136563226006
-0.0135753058528295
-0.0123864715800942
-0.0111088655238863
-0.0113919362101339
-0.0113919362101339
-0.0113919362101339
-0.01234632462626
-0.0162353800010092
-0.0185778937193256
-0.0185778937193256
-0.02100522738887
-0.0226691816149572
-0.10463467349309
-0.10463467349309
-0.10463467349309
-0.10463467349309
-0.10463467349309
-0.10463467349309
-0.0229268737615865
-0.0215253353406845
-0.011048090234916
-0.0226691816149572
-0.0226691816149572
-0.0226691816149572
-0.0226691816149572
-0.0226691816149572
-0.0226691816149572
-0.0226691816149572
-0.0207833172319852
-0.0226691816149572
-0.0226691816149572
-0.00353771910121636
-0.0228473834901227
-0.0226691816149572
-0.0226691816149572
-0.0229268737615865
-0.0229268737615865
-0.0229268737615865
-0.0226691816149572
-0.0229268737615865
-0.0226691816149572
-0.0229268737615865
-0.104727150856216
-0.10463467349309
-0.104487590356128
-0.104487590356128
-0.10463467349309
-0.104487590356128
-0.104487590356128
-0.104487590356128
-0.104487590356128
-0.10463467349309
-0.104487590356128
-0.104727150856216
-0.10463467349309
-0.10463467349309
-0.104727150856216
-0.104727150856216
-0.104641747908768
-0.104727150856216
-0.104727150856216
-0.104727150856216
-0.104758579400362
-0.104758579400362
-0.104758579400362
-0.104741385108476
-0.104741385108476
-0.104741385108476
-0.104712574311967
-0.104712574311967
-0.104712574311967
-0.104707634826597
-0.104707634826597
-0.104752328068623
-0.104707634826597
-0.104707634826597
-0.104850483638814
-0.104850483638814
-0.104983586993339
-0.105105537411469
-0.105105537411469
-0.105171937468129
-0.105171937468129
-0.105171937468129
-0.105145163932561
-0.105011847666627
-0.105011847666627
-0.104546630904889
-0.104546630904889
-0.104341306893862
-0.000326808255546207
-0.000131051142237548
-0.000131051142237548
7.10662381201432e-05
0.00052361729853978
0.00052361729853978
0.0493692591831084
0.0493692591831084
0.0493692591831084
0.0493692591831084
0.0493692591831084
0.0510043057620201
0.0524802630320834
0.0510890241800112
0.0510890241800112
0.0510890241800112
0.0524802630320834
0.0535508423321868
0.0543903342928537
0.0543903342928537
0.0543903342928537
0.0543903342928537
0.0542084876558572
0.0542084876558572
0.0542084876558572
0.0536881365589618
0.0536881365589618
0.0532721690682411
0.0531254259851447
0.0530013429945725
0.0530013429945725
0.0527491724406569
0.0527491724406569
0.0525649048442453
0.0525718531415179
0.0529460759384409
0.0529460759384409
0.0538894839535536
0.0549153084600366
0.0548737299274907
0.0549153084600366
0.0549153084600366
0.0552520504806885
0.0551155615281572
0.0545328506557566
0.0535920535518662
0.0535920535518662
0.0525320196205864
0.0511540508101255
0.0499328357389369
0.0499328357389369
0.0477435249704296
0.047097930692778
0.047097930692778
0.047097930692778
0.047097930692778
0.0321231101463556
0.0321231101463556
0.0292003816144063
0.0300406327146919
0.0292003816144063
0.0292003816144063
0.0292003816144063
0.0292003816144063
0.0287410238947202
0.0287346122140867
0.000597253144875798
0.000597253144875798
0.000597253144875798
0.000420260961745744
0.000108107925362977
-0.000239352782750113
0.0287346122140867
0.0291115453188829
0.0287346122140867
0.0291115453188829
0.0291115453188829
0.0291115453188829
0.0301470532643712
0.0291115453188829
0.0301470532643712
0.0301470532643712
0.0336825796367705
0.0336825796367705
0.0336825796367705
0.0336825796367705
0.0336825796367705
0.0314570749311677
0.0314570749311677
0.0336825796367705
0.0314570749311677
0.0301470532643712
0.0301470532643712
0.0301470532643712
0.0301470532643712
0.0291115453188829
-0.000663041790111119
-0.00102259239512648
-0.00134070764691685
-0.00134070764691685
-0.00153483600664017
-0.001416112014195
-0.00114571277101916
-0.000788536774524284
-0.000434462857726525
-0.000434462857726525
-0.000434462857726525
-0.000119342884469797
0.000205359984051801
0.000204629260102895
-5.4765263590606e-05
-5.4765263590606e-05
-5.4765263590606e-05
-0.000381325941785415
0.0181289465417481
0.0176861583110607
0.0176861583110607
0.0176861583110607
0.0169661142729175
0.0167398740055617
0.0167398740055617
0.0165898042092937
0.0163978085679456
0.0163978085679456
0.0163978085679456
0.0163978085679456
0.016293431394181
0.0161586261947494
0.0160162218760674
0.0525356752922913
0.0525356752922913
0.0510890241800112
0.0510890241800112
0.0493692591831084
0.0493692591831084
0.0493692591831084
0.0472912029421667
0.0472912029421667
0.0472912029421667
0.0472912029421667
0.0472912029421667
0.0493692591831084
0.0493692591831084
0.0493692591831084
-0.0229268737615865
-0.0229268737615865
-0.0211774865610036
-0.0229268737615865
-0.0229268737615865
-0.0229268737615865
-0.026360902988629
-0.026360902988629
-0.026360902988629
-0.026360902988629
-0.026887610013051
-0.0259723139171076
-0.0285060642482166
-0.0285060642482166
-0.0285060642482166
-0.0304184971669049
-0.0325283601463625
-0.0325283601463625
-0.0325283601463625
-0.0361259742898906
-0.0373990193427741
-0.0381852563489876
-0.0381852563489876
-0.0381852563489876
-0.0381852563489876
-0.038496997281915
-0.038496997281915
-0.038496997281915
-0.038496997281915
-0.038496997281915
-0.0383912978872062
-0.03725203510439
-0.0383912978872062
-0.0379531865717703
-0.0379531865717703
-0.03725203510439
-0.03725203510439
-0.03725203510439
-0.0722416772156497
-0.0722416772156497
-0.0722416772156497
-0.0723513494553502
-0.0722455553351037
-0.0722455553351037
-0.0722455553351037
-0.0722455553351037
-0.0722416772156497
-0.0722455553351037
-0.0722455553351037
-0.0722455553351037
-0.0717151342111561
-0.0707147180681876
-0.0707147180681876
-0.0692891496949838
-0.0717151342111561
-0.0707147180681841
-0.067555704543209
-0.067555704543209
-0.067555704543209
-0.067555704543209
-0.0657377918832481
-0.0641279026999165
-0.0641279026999165
-0.0630601836414585
-0.0641633040625561
-0.0627176446605241
-0.0229268737615865
-0.0215253353406845
-0.017350313680537
-0.017350313680537
-0.0215253353406845
-0.017350313680537
-0.0630842184774892
0.0374417014549745
0.0379709939479006
0.0382306369561533
0.0381072034120741
0.0382306369561533
0.0381072034120741
0.0381072034120741
0.0381072034120741
0.0381072034120741
0.0365050592130248
0.0374916963280337
0.0364344367470358
0.0335552026385201
0.0351911136889093
0.0318454752794636
0.0318454752794636
0.0303845542917137
0.0292069365343625
0.0284331063409456
0.028136777594539
0.0284001447203287
0.0284001447203287
0.0292485485253958
-0.017350313680537
-0.017350313680537
-0.017350313680537
-0.0211774865610036
-0.0211774865610036
-0.017350313680537
-0.017350313680537
-0.017350313680537
-0.017350313680537
-0.017350313680537
-0.0211774865610036
-0.0229772887152951
-0.0211774865610036
-0.0228473834901227
-0.0228473834901227
-0.0226691816149572
-0.0228473834901227
-0.0226691816149572
-0.0226691816149572
-0.0229772887152951
-0.0229268737615865
-0.0229772887152951
-0.0226691816149572
-0.02100522738887
-0.02100522738887
-0.02100522738887
-0.02100522738887
-0.02100522738887
-0.02100522738887
-0.02100522738887
-0.0188315272548153
-0.0188315272548153
-0.0352354903276141
-0.0352354903276141
-0.0352354903276141
-0.0342204833460532
-0.0342204833460532
-0.0342204833460532
-0.0342204833460532
-0.030190662267123
-0.0319702883931016
-0.0298157320371243
-0.0338998752346623
-0.0338998752346623
-0.0338998752346623
-0.0298157320371243
-0.0298157320371243
-0.0277262271326241
0.0291115453188829
0.0291115453188829
0.0291115453188829
0.0291115453188829
0.0287040183275692
0.028851500704934
0.0350415234829359
0.0350415234829359
0.0350415234829359
0.0350415234829359
0.0350415234829359
0.0350415234829359
0.035461567301316
0.0350415234829359
0.0350415234829359
0.0348493369535411
0.0350460871106747
0.0350415234829323
0.0348488212518961
0.0348488212518961
0.0350460871106747
0.0350460871106747
0.0350460871106747
0.0350460871106747
0.0352931004341396
0.0352931004341396
0.035534977733204
0.035534977733204
0.035534977733204
0.0356922370647378
0.0356215188494861
0.0356130550593124
0.0356215188494861
0.0356215188494861
0.0354095887397704
0.0354095887397704
0.0351588077213406
0.0351588077213406
0.0351588077213406
0.0347401984868397
0.0346863327191588
0.0346863327191588
0.0346863327191588
0.0346863327191588
0.0347721123967634
0.0349995360314629
0.0349995360314629
0.0352585972979657
0.0349995360314629
0.0356546488561139
0.0353282767817503
0.0359479865003919
0.0359479865003919
0.0359479865003919
0.0359479865003919
0.0361693766192924
0.0362137053811306
0.0362137053811306
0.0360775879973892
0.0360775879973892
0.0356730443192684
0.0349945806440807
0.0349945806440807
0.0349945806440807
0.0349945806440807
0.0349945806440807
0.0293212025182018
0.0293212025182018
0.030937966444948
0.0331281907824145
0.0340670213193547
0.0340670213193547
0.0349945806440807
0.0342145853868355
0.0342145853868355
0.0342145853868355
0.0321231101463556
0.0321231101463556
0.0321231101463556
0.0311236111246621
-0.000131051142237548
-0.0522826117682119
-0.0618385949638903
-0.0618385949638903
-0.062092675970164
-0.062092675970164
-0.062092675970164
-0.0620697462849255
-0.0620697462849255
-0.0620697462849255
-0.0620697462849255
-0.062092675970164
-0.062092675970164
-0.062092675970164
-0.0620444565330897
-0.0620697462849255
0.0331281907824145
0.0340670213193547
0.0356730443192684
0.0360410621279367
0.0360410621279367
0.0362137053811306
0.0359794572313393
0.0359794572313393
0.0359794572313393
0.0359794572313393
0.0356546488561139
0.0353282767817503
0.0347721123967634
0.0346876117474056
0.0346876117474056
0.0347312778971008
0.0347312778971008
0.0349048666826831
0.0353951009850518
0.0353951009850518
0.0353951009850518
0.0356130550593124
0.0357201071187286
0.0357201071187286
0.0357201071187286
0.0356922370647378
0.0356922370647378
0.0352998268113033
0.035534977733204
0.0352998268113033
0.0350505857595343
0.0348493369535411
0.0348493369535411
0.0348493369535411
0.0348493369535411
0.0350415234829359
0.0350415234829359
0.0360775602353299
0.0350415234829359
0.0360775602353299
0.0360775602353299
0.0350415234829359
0.0350415234829359
0.035461567301316
0.035461567301316
0.035461567301316
0.035461567301316
0.035461567301316
0.0317816234397493
0.0480129902279006
0.0480129902279006
0.0556993254974475
0.0520387567539881
0.0595098934408497
0.120079587951101
0.11760518174778
0.0698371557105563
0.06962447664655
0.0698371557105563
0.0696342458878735
0.0695087973593199
0.0695087973593199
0.0695087973593199
0.0695087973593199
0.0695087973593199
0.0695095486039349
0.0695095486039349
0.0695095486039349
0.0695095486039349
0.0695095486039349
0.0695095486039349
0.0695095486039349
0.0695095486039349
0.0695095486039349
0.0695095486039349
0.0695095486039349
0.0696531363839014
0.0696531363839014
0.0695087973593199
0.069504868198382
0.06962447664655
0.06962447664655
0.0698371557105563
0.06962447664655
0.0698249847791309
0.0700877485860519
0.0700877485860519
0.0700877485860519
0.0700877485860519
0.0703546886597258
0.0703546886597258
0.0703546886597258
0.0703546886597258
0.0703546886597258
0.070625359181972
0.070625359181972
0.0708805000218248
0.0711220835472793
0.071373286799557
0.071373286799557
0.0719085123307251
0.0719085123307251
0.0719085123307251
0.0719085123307251
0.0721710051789667
0.0721710051789667
0.0724837974482401
0.0721095280387739
0.0721095280387739
0.0721095280387739
0.0715151858455122
0.0706531104406284
0.0706531104406284
0.0695283835379402
0.0595098934408497
0.0595098934408497
0.0634375395198791
0.0630036503341859
0.0630036503341859
0.0630036503341859
0.0681089750308291
0.0650389898875182
0.0650389898875182
0.0625285639357315
0.0618912867093268
0.0626469554700587
0.0626469554700587
0.0643247635330787
0.0643247635330787
0.0665987802147213
0.0645523929804784
0.0698838870119359
0.0736900936049621
0.0736900936049621
0.0771002563498701
0.0771002563498701
0.0823903815063797
0.0823903815063797
0.0825296882943781
0.0821764667425074
0.0720987995219896
0.0720987995219896
0.0780520430846458
0.0720987995219896
0.125629450744234
0.125920567553902
0.125001494521112
0.125001494521112
0.123331832478686
0.123331832478686
0.121610217655284
0.121610217655284
0.121610217655284
0.121610217655284
0.120399343603848
0.119757994660005
0.119757994660005
0.119757994660005
0.119820146582256
0.120613747586831
0.121850899222825
0.123360925261545
0.123360925261545
0.124983862684554
0.126306593727692
0.126409538356579
0.127630659520038
0.127630659520038
0.127630659520038
0.127630659520038
0.127405815628728
0.127405815628728
0.126608871221493
0.12538555679805
0.125348656076011
0.123788349670593
0.122064508977686
0.122064508977686
0.118782622441359
0.117505467970246
0.117505467970246
0.117505467970246
0.116032425061422
0.116032425061422
0.11589880482721
0.116165864098806
0.116165864098806
0.116165864098806
0.117662675492734
0.117662675492734
0.1187982448877
0.1187982448877
0.0720987995219896
0.0620591660174991
0.0513793783164661
0.0324376427782475
0.0324376427782475
0.0338603241159127
0.0347357499170996
0.0349247932555815
0.0351925008090471
0.0351925008090471
0.0355062592716645
0.0351925008090471
0.0358484618173139
0.0355062592716645
0.0358484618173139
0.0360872655738361
0.0358484618173139
0.0358484618173139
0.0358484618173139
0.0360872655738361
0.0360872655738361
0.0360872655738361
0.0361366446806485
0.0360872655738361
0.0360872655738361
0.0362183133994388
0.0361322161761716
0.0361322161761716
0.036217694394412
0.0362183133994388
0.036217694394412
0.0358823459277754
0.0361322161761716
0.0358823459277754
0.0358823459277754
0.0358823459277754
0.0355799555327013
0.0355799555327013
0.087497249647183
0.0878548293879017
0.088220728396471
0.088220728396471
0.088220728396471
0.0888882223862854
0.0888882223862854
0.0888882223862854
0.0885212882464163
0.0885212882464163
0.0894913236683453
0.0894913236683453
0.0897396774622933
0.0899039241458005
0.0898963356593515
0.0898963356593515
0.0897546160662827
0.0899435757315948
0.0909054386861011
0.0909054386861011
0.0924898114861296
0.0933351219879867
0.153133182666744
0.148693576588566
0.148693576588566
0.148693576588566
0.145214402388203
0.0338603241159127
0.0407691320264042
0.0365901829366094
0.0407691320264042
0.048087319100886
0.0555999998810509
0.144433599753669
0.145458070327691
0.147540894687192
0.147540894687192
0.154294589583526
0.154294589583526
0.154294589583526
0.170215619854109
0.172865508637513
0.174056337418017
0.171521036875739
0.160767755743781
0.166176984017153
0.160767755743781
0.173428657950066
0.236083304345628
0.243489300870988
0.240856122170269
0.225482426985122
0.225482426985122
0.225482426985122
0.196646190428674
0.160989496556174
0.107105471318417
0.0555999998810509
0.0555999998810509
0.0555999998810509
0.0555999998810509
0.0338603241159127
0.0322799198420959
0.0327087454418581
0.0339100123373913
0.0351876473256915
0.0360372883129837
0.0360372883129837
0.0364061288365561
0.0364061288365561
0.0357769339346748
0.0330227625519522
0.0330227625519522
0.0315876668570968
0.0290204116989933
0.0283452413150097
0.0285503728439603
0.0293978592033045
0.0307380264203686
0.0323385867773452
0.0353775502075805
0.0367045137101442
0.0376103388080021
0.0382275174866723
0.0379575899732006
0.0374254721000301
0.03673337389652
0.0360344286150386
0.0354482642832333
0.0350289418504196
0.0350289418504196
0.0352733939466382
0.0357240373914794
0.0357240373914794
0.0352092208129299
0.0354638540582047
0.0352092208129299
0.0352092208129299
0.0352092208129299
0.0352092208129299
0.0352092208129315
0.0349521819330434
0.0347357499170897
