1.88877954871678
1.71816010369563
1.83201956156431
1.92563385064831
1.35807006479806
3.3841352732596
2.48058976736289
2.11615990444084
1.71291331281075
1.36421126513385
1.01005232083824
0.181165344963868
0.181165344963868
0.181165344963868
0.59117777354415
0.997154802513874
0.997154802513874
1.35807006479806
1.83226518581673
1.92324732083682
1.92324732083682
1.91737120556471
1.83691868973627
1.72227455117126
1.83691868973627
1.72227455117126
1.67793397487636
1.88264053149774
2.3139510232767
2.3139510232767
2.3139510232767
2.96974561933418
4.79859436359566
3.82709571776771
5.78545339585059
6.65595836804318
7.2639303090206
6.64107343077204
7.25201485047077
7.5245049429163
7.5245049429163
77.7529980799257
3.6889522162461
44.0707482998219
23.6488312727689
2.97912540426512
2.1413560734217
2.18750191953505
2.1413560734217
1.01201578646864
0.945127812904663
0.945127812904663
0.945127812904663
0.945127812904663
0.945127812904663
0.945127812904663
0.945127812904663
0.945127812904663
0.340309981158967
0.340309981158967
0.340309981158967
0.945127812904663
0.945127812904663
2.1413560734217
42.9014919208255
0.244314297693942
0.96508690753632
2.06365401228509
2.48058976736289
3.31620235275781
31.710283295664
2.1413560734217
2.1413560734217
2.1413560734217
2.97912540426512
2.97912540426512
3.34055881169549
2.58584521882632
3.197385159323
3.197385159323
2.58584521882632
2.58584521882632
0.272286748501204
0.272286748501204
1.15910635371729
1.15910635371729
3.8621991542396
3.8621991542396
4.92125815022779
5.67594047228741
6.14290478700161
5.8640565590624
5.88315421292449
5.36083320564911
33.5026017888829
4.69375465521181
4.69375465521181
3.33926507754717
1.75745968167207
1.21901778972666
0.614175581319587
1.14674473247465
1.65739569990501
2.29564321886577
2.25716726596098
0.732209644534752
0.732209644534752
0.0603533039900644
0.366234342594611
0.320933790808861
5.18896067339883
0.320933790808861
0.476737189294612
0.958229556933843
1.53347693974053
1.53347693974053
2.25716726596098
2.25716726596098
2.25716726596098
2.29564321886577
2.01063980218038
2.01063980218038
2.32011092920588
2.25716726596098
2.25716726596098
2.25716726596098
1.65739569990501
1.26343249415002
1.38545955566352
0.906404185780234
0.906404185780234
0.582619847896271
0.745349162417685
0.745349162417685
1.21901778972666
2.54769305815027
2.54769305815027
3.90246725675348
4.35020465416437
4.71647775062753
4.71647775062753
4.14599425128988
40678.2755189486
3789.82514858724
106.154440837284
17.4547144376088
20.5923555717614
19.8490805819895
153.962625761145
46.8789562737838
47.6172162926889
26.778291116356
4.67095368077831
1.78002232366952
4.67095368077831
1.78002232366952
1.78002232366952
1.78002232366952
1.78002232366952
1.78002232366952
1.78002232366952
0.913646824572533
1.78002232366952
0.913646824572533
0.0818904512689807
0.0818904512689807
0.0818904512689807
0.0818904512689807
0.0818904512689807
0.0818904512689807
0.0818904512689807
0.0818904512689807
0.0818904512689807
0.614285516000218
0.614285516000218
1.01580885264457
1.01580885264457
1.01580885264457
1.01580885264457
1.01580885264457
1.53009566278995
1.53009566278995
1.53009566278995
2.14447561564798
2.68679827712234
2.69874350140802
2.69874350140802
2.99911286843067
2.86358946420387
2.86358946420387
2.86358946420387
2.99911286843067
2.99911286843067
2.99911286843067
2.86358946420387
2.99911286843067
2.11149758546994
0.673256373430569
1.41591481963311
6.50865049834518
6.50865049834518
6.50865049834518
6.50865049834518
8.80535767573766
10.2905510790125
10.2905510790125
10.2905510790125
277.040913202342
19.9042059186831
46.4979705548148
23.318728954907
21.2794491819907
21.2794491819907
159.448914140462
9.82996053809957
7.69277820179979
4.81570107398069
7.69277820179979
7.69277820179979
7.69277820179979
4.81570107398069
1.66028281224407
1.66028281224407
7.69277820179979
1.66028281224407
1.66028281224407
1.66028281224407
1.66028281224407
1.66028281224407
1.66028281224407
1.66028281224407
1.66028281224407
1.29132671542354
1.66028281224407
1.66028281224407
4.62687236170803
4.81570107398069
1.45427479990292
222.230581491627
143.25706058173
9.66358480041544
10.7230891788991
11.2913825458802
11.2602811333976
10.8391458268195
10.1263054749231
9.32721550630835
8.57076736217917
7.47144205928536
7.47144205928536
7.47144205928536
6.90769600508393
6.90769600508393
6.90769600508393
4.78618935757901
4.78618935757901
0.755596315408777
1.69710897364355
4.04740911277834
206.537808205018
3.05556219636365
3.05556219636365
1.65294926605596
6.47475920275668
11.0140055326897
11.0140055326897
11.0140055326897
10.8231551237643
18.3672835778714
18.3672835778714
18.3672835778714
21.0984099060825
21.0984099060825
61.9619474941832
10.5380703911717
12.797195616454
12.797195616454
41.979835891579
53.0878103079153
43.4982818167424
51.6118082914924
19.3431418460405
19.3431418460405
46.335164566733
46.8789562737838
19.3431418460405
122.869914242073
3.61270009591115
2.69199701775722
1.59792559310068
0.290697096274456
0.290697096274456
21.3002089443089
23.2899869701522
14.7479450256631
25.6871227225139
23.2899869701522
24.9833168049056
7.25884672883945
7.42852146158891
7.1820017609696
8.462139500571
4.4165749465907
11.4826582766596
6.08737206243454
6.08737206243454
6.08737206243454
5.80766775969448
5.75750124493886
5.95092851652474
6.49288694844033
8.69472404311568
12.9932136153086
8.36805520878166
0.795921264932855
16.5990848206724
6.03456993282309
9.75711173668727
1.73169883080091
2.41401406954545
19.4494393444934
10.290840122101
2.54908560904414
19.6069785231995
4.85854320265523
4.84856177338015
4.7038505011775
10.4733218233165
2.8396147925274
3.8039411565832
11.1803935633094
0.0246794347160098
0.625260424284139
0.824389928133365
0.166853155653004
2.11140189908742
12.4513383391092
19.6307351830585
4.91481508124378
7.52276569333113
41.3276218221917
0.442202667958298
0.574539491425657
0.574539491425657
1.71733393746768
2.54845454860361
2.54845454860361
2.54845454860361
4.05298081553105
4.05298081553105
4.2853855390699
4.2853855390699
51.3848287976129
1.77289793179071
2.23306722082067
1.77289793179071
2.23306722082067
2.54908560904414
34.7014429767698
3.60508026976441
2.26206193400557
0.66157533824587
1.07174314798797
0.66157533824587
0.66157533824587
1.29295399818844
0.66157533824587
0.66157533824587
0.66157533824587
0.66157533824587
0.66157533824587
2.42712656900019
3.60508026976441
2.26206193400557
2.26206193400557
4.2853855390699
3.60508026976441
4.42084516142155
4.05298081553105
3.37850103649298
3.37850103649298
2.48572568811652
54.4309940047591
2.65857071216418
2.65857071216418
2.41401406954545
2.41401406954545
2.41401406954545
1.59071703374469
1.59071703374469
1.59071703374469
0.563178518008545
0.461553894639685
0.1443006346602
0.1443006346602
1.63176913196317
2.52521861065881
3.28366902824109
3.28366902824109
4.18552129643157
4.99854124666727
5.13527979136043
5.71176895462127
5.95855707913855
5.45850127206879
2.22312628201979
2.22312628201979
0.0929632643963437
0.275823290671054
0.275823290671054
0.183000560774332
0.183000560774332
0.183000560774332
1.85710055409661
1.85710055409661
1.85710055409661
3.47056206207463
4.9467804102972
4.9467804102972
5.78273241524947
3.47056206207463
35.0501033655032
1.53347693974053
63.8531159227219
4.53008847833967
6.56806452643819
6.56806452643819
6.56806452643819
28.4836699716485
42.8204960073707
249.631401852465
4.81570107398069
4.81570107398069
4.81570107398069
7.69277820179979
63.1426868249429
4.29646683296047
26.5419196704117
3.57293112014824
1.18446186743869
1.28823571207051
0.226543624889096
0.226543624889096
1.64605589032283
1.64605589032283
1.83432471339452
1.47382550799126
1.47382550799126
1.47382550799126
0.923049760827728
0.0876061455787266
0.0876061455787266
2.66377869377283
4.69884270992245
4.69884270992245
9.65075758706347
17.1809198048553
30.2243572963265
2.33569281220303
2.33569281220303
4.01771405920352
4.01771405920352
12.0109262801842
0.682771900352248
0.682771900352248
0.682771900352248
0.682771900352248
0.721654560865835
0.721654560865835
0.682771900352248
0.721355188857871
0.721654560865835
0.68366994180466
0.68366994180466
0.68366994180466
0.68366994180466
0.672688132549028
0.672688132549028
0.68366994180466
0.818676914670024
1.15589104678556
1.15589104678556
1.15589104678556
1.02945995140025
1.04756783753616
1.04756783753616
1.51363461724638
1.04756783753616
1.51363461724638
2.20268731916072
2.20268731916072
2.96416143979355
3.66876408662071
2.20268731916072
2.85427602024723
45.8626185272083
7.69277820179979
10.6920772751282
10.6920772751282
10.6920772751282
10.6920772751282
10.322647077892
37.733979240965
3.47224985245547
4.0464834722215
3.66876408662071
3.66876408662071
3.66876408662071
3.66876408662071
3.66876408662071
2.20268731916072
2.20268731916072
2.20268731916072
3.57191914064854
2.96416143979355
2.85427602024723
2.20268731916072
2.85427602024723
2.85427602024723
2.20268731916072
2.85427602024723
2.20268731916072
2.20268731916072
2.20268731916072
2.20268731916072
2.20268731916072
46.8409676531361
8.80535767573766
6.50865049834518
3.92447618831436
3.92447618831436
1.40068362991228
32.9507691926436
0.461518838475559
0.34259303363781
0.308026097536594
0.308026097536594
0.308026097536594
0.441575916046967
0.441575916046967
0.90195465023416
1.09030707801356
1.09030707801356
1.16343115262275
1.0692868242932
33.9154640570322
3.02193106323822
3.02193106323822
3.02193106323822
7.29245993163611
1.9231397499514
3.12514002114185
5.42569506251581
5.42569506251581
5.42569506251581
6.29437896763351
6.75170352110516
6.75170352110516
6.75170352110516
6.75170352110516
6.75170352110516
6.32648862090099
6.75170352110516
6.75170352110516
6.75170352110516
6.75170352110516
6.75170352110516
6.75170352110516
6.29437896763351
6.75170352110516
6.29437896763351
6.29437896763351
5.42569506251581
5.42569506251581
184.994807592545
1.66542189738908
0.955254584507904
0.444937834035877
1.26825477818131
0.693527937891132
1.26825477818131
9.26505866027127
11.5466871088832
10.1639712431366
5.83820069262094
5.83820069262094
1.93565273930576
1.17408249177408
1.17408249177408
1.87048454642713
1.58504446154175
1.03477610494332
0.0619689230642445
0.596498358607966
1.09833573568665
1.07952339306702
0.920434153970667
0.657538353990828
0.101650570636629
0.668820793811109
0.668820793811109
0.668820793811109
0.673397854616163
0.138246465150569
0.873775588381889
2.68551538580013
1.67816375926416
2.68551538580013
3.71611891391124
4.6442174322996
5.42335836481868
5.42335836481868
28.9138321865397
5.09746463765423
2.99806543866414
2.99163832195443
1.33660752470193
0.859999041600548
0.683414071122715
1.22238946364116
1.22238946364116
1.22238946364116
1.80480060064375
2.98591845818063
2.98591845818063
2.98591845818063
3.16298818814034
3.16298818814034
1.74272592214978
0.0379992181425329
2.29417513847764
2.29417513847764
0.0379992181425329
1.74272592214978
2.29417513847764
5.38097827076436
2.52617523133781
2.52617523133781
2.52617523133781
2.29417513847764
25.5742749250402
3.0428160458684
4.94225725325828
5.66260676700326
6.20764088777002
4.6442174322996
31.022500391582
2.29417513847764
2.29417513847764
5.0978645085477
0.0379992181425329
0.0379992181425329
0.0379992181425329
0.0379992181425329
2.81217073593555
2.81217073593555
2.81217073593555
3.16298818814034
2.96603120806434
2.46141820177647
1.8299065575675
1.8299065575675
0.811647056349892
0.683414071122715
0.683414071122715
1.34061062763962
0.864319277195461
1.34061062763962
2.07300111507007
2.07300111507007
29.4247272278395
2.73108855452708
0.138246465150569
0.138246465150569
0.684131193496587
0.444893603453468
0.205555468477623
0.891178146096269
1.10663259877532
0.596498358607966
1.13153578064456
1.50996771955903
1.81590943105445
1.45934418037372
0.816519608197048
4.8245249252377
7.36277668904053
12.3902101058734
12.6146195487731
10.7639667782054
9.11534854025568
4.37544491953099
1.7309205068208
1.7309205068208
2.8597116262027
1.77124718460223
1.26556097043541
1.26556097043541
1.26556097043541
0.21556123208914
0.21556123208914
1.26556097043541
0.620751355741987
0.620751355741987
0.620751355741987
0.727307921044333
0.727307921044333
2.67194180809011
2.51127727078886
1.34830853180335
0.00445431739648039
0.00445431739648039
7.15922270402349
7.15922270402349
9.11534854025568
12.1940791338419
12.1940791338419
12.1940791338419
260.695501841934
1.59797979724943
1.10704746798291
0.713440392242147
0.713440392242147
0.713440392242147
14.8650033584724
8.33195209825847
8.33195209825847
8.33195209825847
8.33195209825847
8.33195209825847
8.33195209825847
8.33195209825847
8.33195209825847
0.140016694489261
0.140016694489261
3.89812343668222
6.20250343279918
3.52679997645169
3.89812343668222
0.140016694489261
3.52679997645169
3.52679997645169
0.140016694489261
0.140016694489261
0.140016694489261
3.52679997645169
6.20250343279918
6.20250343279918
46.5646506587595
2.09095634987681
4.66852734256416
0.431367789616937
0.431367789616937
0.431367789616937
0.431367789616937
0.431367789616937
0.443653116655778
0.443653116655778
0.837427938135872
0.837427938135872
0.837427938135872
0.185651913210112
0.983716306155834
0.983716306155834
0.528437649294448
0.528437649294448
0.33710232829622
0.402776594241554
0.151476192315372
0.32844194352183
0.737726834819849
0.91911967551372
0.752866222138544
1.32944281518364
1.32944281518364
2.3372688192386
3.61066721863729
5.86920811108726
7.00877349301106
7.87869850001185
8.30975352569796
8.08384591406282
7.1825875532218
8.08384591406282
83.3990744174611
0.647814967025484
0.647814967025484
0.647814967025484
1.02945995140025
1.02945995140025
50.6598577063572
7.37732821946121
4.23140329310398
4.23140329310398
4.23140329310398
4.23140329310398
2.63309054443095
2.63309054443095
0.870920155043553
0.870920155043553
0.0864113974437242
0.28454955718746
0.28454955718746
0.28454955718746
0.28454955718746
0.28454955718746
0.00186172770690025
0.28454955718746
0.28454955718746
0.28454955718746
0.00186172770690025
0.00186172770690025
0.28454955718746
1.16887022164717
94.9261095085198
1.38786320869767
1.31156349613239
1.16828046137355
0.971880871260733
0.818676914670024
0.818676914670024
0.673242216630524
0.672250104700842
0.682648236032439
0.672688132549028
0.682648236032439
0.712161071395591
0.721355188857871
0.68277190034888
0.68277190034888
0.463233848059583
0.68277190034888
0.590375627680185
0.462370612183564
0.34259303363781
0.34259303363781
0.34259303363781
0.279071153483161
0.278935702143272
0.311312304529893
0.445109977491776
0.664402300831515
0.664402300831515
0.909428399233156
1.09582585302541
1.09582585302541
1.04884886870132
1.09582585302541
1.04884886870132
0.349560742104793
0.349560742104793
0.349560742104793
0.349560742104793
0.170486068793063
0.640516023074262
0.640516023074262
0.640516023074262
0.640516023074262
1.26562771770575
13.1813570822554
10.095021455185
8.33195209825847
179.955837040318
5.07698074831432
2.07300111506378
2.07300111506378
3.98538119516062
2.98529839376251
274.120845105354
18.9051460561577
18.9051460561577
18.9051460561577
18.8870510040777
17.5906511463599
15.6755631417674
17.5906511463599
17.5906511463599
17.5906511463599
15.2192935743091
9.34212349441073
6.50558382665004
6.50558382665004
6.50558382665004
6.50558382665004
3.43955978865331
3.43955978865331
3.43955978865331
1.23825632257849
1.23825632257849
0.676504601829635
2.20235884054936
2.07725416052127
2.07725416052127
2.20235884054936
2.07725416052127
2.07725416052127
2.07725416052127
1.45244672539437
0.518964194846169
0.396026602062531
0.396026602062531
0.396026602062531
1.29806695391883
1.29806695391883
2.10458427771826
1.44737357067048
1.44737357067048
1.44737357067048
0.774774485942122
0.774774485942122
0.531089364788738
0.507202846925673
0.809325285817944
0.719995932221734
0.719995932221734
0.719995932221734
0.719995932221734
0.719995932221734
0.267839643258084
0.267839643258084
0.267839643258084
0.267839643258084
0.414534342509048
0.414534342509048
1.11755901789
1.11755901789
1.64670091464178
1.64670091464178
75.1669617923807
6.05561482665661
6.05561482665661
6.05561482665661
7.71470128022079
7.71470128022079
264.051930399828
301.339036282017
15.1545332624174
7.297167013386
12.0710126772293
7.297167013386
1.16935528626624
6.05174725901455
6.05174725901455
14.2321782388953
14.2321782388953
21.9999952635125
21.9999952635125
29.1911948432496
29.1911948432496
34.3091187933759
36.1959420315753
36.1959420315753
34.5450417116752
29.0613861841082
29.0613861841082
29.0613861841082
29.0613861841082
35.0614031964039
107.877842109944
8.57393674126787
8.42939198097765
8.42939198097765
6.33612222312591
6.33612222312591
5.21073400951458
4.09892870472171
1.68181987653543
0.0154591180985541
0.631703299139247
0.0154591180985541
0.929660918322885
0.929660918322885
0.929660918322885
0.197502572765526
0.502206333696883
1.5542805869634
1.5542805869634
1.5542805869634
2.81292965731792
5.4441368835624
5.4441368835624
5.4441368835624
8.34162604783891
7.18214931871838
83.0465567556969
8.38522771946858
8.38522771946858
8.38522771946858
5.25591090708421
5.25591090708421
5.25591090708421
1.43253739212244
1.43253739212244
1.43253739212244
1.99513848230665
2.84259400240856
6.40849236092049
6.40849236092049
3.70674610705403
3.70674610705403
4.60011651485215
4.60011651485215
0.64956961777914
4.60011651485215
0.64956961777914
98.1168506273672
113.609140463411
0.598946871063758
2.27160676419816
3.87383779353219
5.73084430360062
7.1825875532218
7.1825875532218
18.289009425649
11.5771523235493
16.7359093618551
11.0213282305649
24.0370243225226
24.0370243225226
24.0370243225226
69174.6617881285
162.918467089561
162.918467089561
162.918467089561
243.691843669779
309.481279044724
256.902672652093
309.710841066794
309.710841066794
309.481279044724
309.481279044724
309.481279044724
309.710841066794
309.710841066794
309.710841066794
309.710841066794
309.481279044724
309.481279044724
269.107596679382
269.107596679382
269.107596679382
269.107596679382
269.107596679382
65.8806578256589
65.8806578256589
17.1837598029627
125.584940260215
125.584940260215
125.584940260215
200.395087594491
224.490091263677
195.126219981035
116.515915471319
28.2007927599528
397.078827814184
397.078827814184
820.65953084263
842.870129130107
842.870129130107
501.4651048483
328.809996090265
164.513288008604
49.347890545189
26.4112149897936
490.151691078043
1048.19827187961
1746.69687651174
2123.28974911565
2835.42868388863
2845.44557162021
3092.82783134744
97.0476369091254
7.97427528384691
8.36269919379439
8.35273184621655
7.00877349301106
7.77067039235332
93593.4139264397
3239.89717851298
3045.93150351533
3045.93150351533
3045.93150351533
1716.21316660344
1674.84624315634
1199.88538999411
1199.88538999411
825.58587770614
696.81692751552
696.81692751552
825.58587770614
696.81692751552
696.81692751552
696.81692751552
821.36769827975
1203.34552276144
1203.34552276144
1203.34552276144
821.36769827975
1203.34552276144
1203.34552276144
1203.34552276144
821.36769827975
98.9115723384542
5.86920811108726
5.86920811108726
4.58682136265631
4.76168596190773
3.44350676078784
1.20746856116825
0.3758407304806
0.270777996271916
0.333125631706665
0.786551895009081
0.990502554712489
1.02261039407185
1.02261039407185
1.02261039407185
0.51362392263874
0.51362392263874
0.195923777318372
0.195923777318372
0.151476192315372
0.191025430488053
0.285829516721206
0.40651442485832
0.402776594241554
0.540919738309505
0.540919738309505
0.49031426168234
0.33710232829622
0.0935778608764628
0.0935778608764628
0.0935778608764628
0.520583000397106
0.980649433424978
0.980649433424978
1.02759185806554
1.02759185806554
0.920430211522716
0.920430211522716
0.264491456040519
0.264491456040519
0.554360517676995
0.837427938135872
0.837427938135872
0.443653116655778
0.324869174138014
1.90167772592064
1.90167772592064
7.49113351371127
1022.28461538821
35.0614031964039
30.2768173156174
29.0613861841082
36.1287521431295
35.0614031964039
162.378210780522
16.9611006367013
14.9047892111263
5.40044169037515
5.40044169037515
5.40044169037515
5.40044169037515
0.712112988455075
7.26499682723907
14.9797230781274
14.9797230781274
14.9797230781274
14.9797230781274
21.6785845005549
26.4107516982255
26.4107516982255
14.9797230781274
21.6785845005549
21.6785845005549
21.6785845005549
8.57172575111923
21.6785845005549
21.6785845005549
16.2287490199541
8.57172575111923
16.2287490199541
16.2287490199541
8.57172575111923
8.57172575111923
8.57172575111923
8.57172575111923
8.57172575111923
8.57172575111923
8.57172575111923
1.9491079963019
8.57172575111923
4.32989003022009
14.9047892111263
14.9047892111263
14.9047892111263
14.9047892111263
14.9047892111263
16.9611006367013
16.9611006367013
16.8499874183495
10.7312772822547
10.7312772822547
1.15215285983227
6.20590927428758
5.0290368288298
8.92021545460072
12.3250243436924
14.6713264703707
13.1458967371501
10.3567740283062
2.38883404521827
2.38883404521827
4.5466975469588
6.23493807310279
6.63463399157799
206.45387288781
36.1287521431295
36.1287521431295
36.1287521431295
36.1287521431295
36.1714886667151
164.386624223435
5.84198167349663
4.04740911277834
1.72907294629562
3.00104749802232
4.79606343864352
6.90769600508393
7.47144205928536
8.57076736217917
10.1263054749231
10.1263054749231
11.2913825458802
11.2602811333976
10.5916232459559
8.39498546396924
7.48330412587251
7.33773216039946
7.33773216039946
11.2188518866755
16.352204790941
30.9067505598115
44.6720631255613
39.4135669859731
30.9067505598115
170.747012538693
28.4684853115971
21.6068256053261
21.6068256053261
13.8659507318595
13.8659507318595
13.8659507318595
5.75358579838706
7.43931529445952
15.1545332624174
15.1545332624174
15.1545332624174
16.4619643310785
16.4619643310785
16.1787735831973
16.1787735831973
14.4620105926898
11.5170976583504
7.52738694297007
1.96549828765669
1.96549828765669
11.2063217099487
14.8819673594758
18.3672835778714
18.3672835778714
23.3226247360813
25.2342434090073
25.2342434090073
27.6413129532559
28.1342882848367
28.1342882848367
28.1477232445914
26.9250288687122
24.9851777537355
28.1151938753062
28.1151938753062
28.1151938753062
171.221992387249
3.91778553301223
3.91778553301223
6.20590927428758
11.2877019006414
11.2877019006414
11.2877019006414
11.2877019006414
14.6855554441483
16.8499874183495
16.8169714974534
9894.72264724807
1203.34552276144
3378.27008076218
2608.91010869096
2608.91010869096
2608.91010869096
2608.91010869096
794.141103883769
842.870129130107
554.529300137601
719.455380044022
808.291316776779
706.252014582203
353.46919960646
353.46919960646
353.46919960646
170.710853252907
143.795277968572
143.795277968572
143.795277968572
143.795277968572
214.304512151976
208.946471163719
223.588849251703
96.2435497712297
183.796859693443
96.2435497712297
17.1837598029627
0.968554202674287
103.319873822044
103.319873822044
122.02095112153
196.870499943697
213.041797249
180.125341962025
213.041797249
213.041797249
213.041797249
17.1837598029627
103.319873822044
17.1837598029627
17.1837598029627
17.1837598029627
17.1837598029627
17.1837598029627
17.1837598029627
17.1837598029627
17.1837598029627
17.1837598029627
111.338943825268
111.338943825268
224.490091263677
202.540445425362
130.541539149353
10.5231067199759
8.6435112950481
116.515915471319
116.515915471319
116.515915471319
202.540445425362
116.515915471319
202.540445425362
116.515915471319
8.6435112950481
192.822278897777
192.822278897777
375.448672530105
2608.91010869096
3295.67505896539
2513.1948147116
2608.91010869096
3295.67505896539
2608.91010869096
375.448672530105
719.455380044022
814.831510418192
349.825888692371
360.62764082365
513.051842661646
179.618795523159
843.789044818087
195.126219981035
202.540445425362
224.490091263677
202.540445425362
195.126219981035
202.540445425362
130.541539149353
202.540445425362
130.541539149353
10.5231067199759
8.6435112950481
375.448672530105
375.448672530105
375.448672530105
375.448672530105
375.448672530105
3378.27008076218
1970.6340539509
1970.6340539509
1970.6340539509
1327.32946693504
851.255433072473
696.81692751552
697.517233523464
696.81692751552
803.092607889844
803.092607889844
1674.84624315634
2188.12969016572
1674.84624315634
2188.12969016572
2656.48738821109
2684.71402957506
3220.87903984934
3045.93150351533
2684.71402957506
2684.71402957506
3220.87903984934
3220.87903984934
3220.87903984934
3242.98493585737
3109.08931785374
2845.44557162021
2845.44557162021
2845.44557162021
2845.44557162021
2502.31131379473
2123.28974911565
1746.69687651174
1746.69687651174
1384.10755920769
1048.19827188132
748.088715232401
748.088715232401
487.03878568732
116.28778176771
24.4658496993799
24.4658496993799
2.80669963523863
2.80669963523863
53.16114632394
171.952647029125
513.051842661646
104.827694277686
30.9067505598115
44.6720631255613
44.6720631255613
43.8020092870843
48.5008428401073
153.107034344781
14.6921562991015
18.1870916005098
20.9339793525127
27.5718365722275
28.1151938753062
28.0414103934768
27.209889820175
23.5430451159331
20.306609621273
13.1683314774696
13.1683314774696
8.62091161425452
0.667097309454764
3.95482223285988
7.92582573916226
12.8784927754818
13.737642026642
60.5269638215819
9.2037999998244
9.63482467803584
9.2037999998244
9.63482467803584
8.08246428268984
8.08246428268984
4.34050892493095
4.65931015701351
4.34050892493095
4.77818762349432
4.77818762349432
14.6453271248814
8.21512858343386
4.27619150357311
48.2504912641296
14.9404951798691
12.2900469063153
14.9404951798691
14.9404951798691
3.01545887775986
3.23318327269396
2.89342237375574
0.507138061449824
0.50166579279849
0.881129630745958
1.16405668846858
0.00840924439308914
0.865290506093905
0.872528701674983
0.639984627327082
0.634121297801502
0.279634814385413
0.58297211401285
0.58297211401285
0.687869554276172
0.698436107710236
0.92850889206555
1.26134058128367
1.26134058128367
1.13747815212408
0.730332032661993
688.065312505571
43.0978932712696
45.4920444068686
45.4920444068686
45.4920444068686
45.4920444068686
110.237333505965
1.7219499102651
3.63188931832631
3.72310879002168
3.72310879002168
4.13698562679636
3.91042972156397
3.23195016982427
3.91042972156397
3.23195016982427
3.23195016982427
2.5952477179421
2.01156275524702
2.01156275524702
2.11589286954318
2.01246347162182
3.15349979824353
2.79472664023697
3.15349979824353
3.15349979824353
2.01246347162182
3.15349979824353
2.5952477179421
2.5952477179421
672.691215492593
39.4135669859731
30.9067505598115
30.9067505598115
30.9067505598115
30.9067505598115
30.9067505598115
23.5247116263845
17.087063971815
17.087063971815
17.087063971815
7.33773216039946
7.42289502562767
7.33773216039946
7.48330412587251
8.39498546396924
9.66358480041544
10.6591923799754
10.6591923799754
10.6591923799754
11.2378215731118
11.2913825458802
10.7230891788991
10.7230891788991
10.7230891788991
11.2602811333976
10.7230891788991
10.7230891788991
11.2913825458802
11.2595333127187
11.2913825458802
11.2602811333976
11.2763211885262
10.8391458268195
10.1263054749231
10.1263054749231
9.32721550630835
7.98506354870221
194.743250633851
12.1457052990293
15.1545332624174
16.4651251348971
16.1787735831973
11.5610097620843
11.5170976583504
14.4467926875302
3.17611231568727
1.65294926605596
7551.51224214229
554.529300137601
554.529300137601
554.529300137601
731.930193237547
820.65953084263
108.35485436917
14.2029400817252
14.2029400817252
14.2029400817252
14.2029400817252
11.7255272944543
7.53368266014734
7.53368266014734
7.53368266014734
2.14116813816505
3.09095296947219
3.09095296947219
3.09095296947219
3.09095296947219
3.09095296947219
3.09095296947219
12.3610822548557
12.3610822548557
15.7612483446941
15.7612483446941
15.7612483446941
17.1169112438479
15.7612483446941
17.1169112438479
16.383067849041
13.2708622311937
13.2708622311937
13.2708622311937
13.2708622311937
13.2708622311937
8.86409789300823
3.21433281204931
3.21433281204931
3.21433281204931
4.51137719516157
4.51137719516157
4.51137719516157
4.32989003022009
3.21656816362436
4.51137719516157
3.21656816362436
3.21656816362436
4.51137719516157
3.21656816362436
3.21656816362436
4.32989003022009
4.32989003022009
4.32989003022009
13.8702557717896
13.8702557717896
15.4301997273619
15.4301997273619
11.8315654164928
7.47130703883788
2.43775878421345
2.43775878421345
3.33980290070569
8.4763532320638
12.0347346958188
12.0347346958188
7230.08956913265
814.831510418192
814.831510418192
841.397184448353
842.870129130107
671.345762274168
106.677812279778
14.7161125040063
10.6011129585624
10.6011129585624
6.66885594637781
2.629448119428
1.35946463099579
4.32702737724388
6.1465238643982
6.64944159883476
5.84198167349663
0.739908004330708
0.739908004330708
0.739908004330708
4.80604376252925
6.07895816268054
8.00251909817321
8.00251909817321
7.4978112270338
8.00251909817321
8.00251909817321
8.00251909817321
8.00251909817321
8.00251909817321
69.2930269570743
1.76593152160335
1.67738656377728
2.74971128333047
0.0953747910048531
0.0953747910048531
0.663234143027087
0.0953747910048531
0.0953747910048531
0.0953747910048531
0.640381788486709
0.640381788486709
0.640381788486709
0.142729036733983
0.0953747910048531
0.0953747910048531
0.0953747910048531
0.0953747910048531
0.640381788486709
0.640381788486709
0.640381788486709
0.640381788486709
0.640381788486709
0.0953747910048531
0.0953747910048531
0.0953747910048531
0.0953747910048531
0.0953747910048531
0.640381788486709
0.0953747910048531
0.0953747910048531
0.0953747910048531
0.0953747910048531
0.0953747910048531
0.0953747910048531
197.378532032791
10.8434391507512
10.8434391507512
10.8434391507512
10.8434391507512
13.643303563973
10.8434391507512
13.7941463592134
13.643303563973
14.768210328408
14.7486034187811
14.7486034187811
14.2029400817252
114.410480293163
2.5952477179421
3.80995747257784
3.80995747257784
3.80995747257784
4.354245158251
4.19277282709699
15.5519565498425
5.4608039965551
19.3195219428894
13.7835274702882
1.65465610385992
0.441543989293203
0.441543989293203
0.936373316448287
0.936373316448287
0.936373316448287
1.03998414588357
0.936373316448287
0.936373316448287
0.0424559365673604
0.978849128819859
2.38067023340642
2.69847001004257
2.49702292947798
2.49702292947798
0.78336384918139
0.672975431414692
0.672975431414692
4.93772485264545
5.93395874355075
6.61406143193522
6.03686346142389
4.02674243805366
2.77862189537012
0.468659246450284
1.67812153824498
0.990262262023755
1.43517718001324
5.0417140888011
8.68763151182416
10.3488726356013
7.42841471603947
2.302590229435
52.4037818692385
0.279928072210704
0.279928072210704
0.342593033632757
0.581531273454
0.581531273454
0.674837704500092
0.715861429747453
0.715861429747453
0.674837704500092
0.719431721200999
0.719431721200999
0.716503140341593
0.716503140341593
0.716503140341593
0.716503140341593
0.688933953057485
0.716503140341593
0.716503140341593
0.689999281633581
0.67157498022531
0.67157498022531
0.67157498022531
4.19277282709699
4.19277282709699
3.81079235485421
4.24139047029952
4.35243777990163
4.24139047029952
0.6957016174794
0.6957016174794
0.775902988083873
0.908330599571405
1.23973227048191
0.775902988083873
0.918292251076231
0.775902988083873
0.908330599571405
1.07074262299004
0.908330599571405
0.918292251076231
0.775902988083873
0.775902988083873
0.908330599571405
0.908330599571405
0.775902988083873
0.775902988083873
0.775902988083873
0.775902988083873
0.775902988083873
0.775902988083873
0.67157498022531
0.775902988083873
3.16202011866158
2.52970899178781
1.9045500974023
1.3571280184044
0.894661966805485
0.605372855658122
0.605372855658122
0.892113041933821
1.38197107600115
1.37467896948036
1.11892098890533
0.949699717714692
0.704498964036923
0.671695618559901
0.714479640689568
0.720668492330238
0.585893409306779
0.459848828636121
0.342593033639494
0.306994298644537
0.434735874304024
0.645943265236728
1.07894492769618
1.07894492769618
0.846917637098384
0.440023714239879
0.0617637131763861
0.533628873397644
0.932183035817982
1.22020213205011
1.32088422646623
1.05674236291665
1.05674236291665
0.59264336947426
0.485248553310911
0.485248553310911
1.25190034171762
1.25190034171762
2.47271814583384
2.97211751102125
3.10494824720352
2.41990833956189
2.41990833956189
0.830299469357271
10.9091713908749
10.9091713908749
13.5207224275646
599.779139233627
9.36391337916982
10.210272232383
10.210272232383
10.210272232383
10.210272232383
130.403715292374
7.08354783340719
6.42439870460229
5.54090261927474
4.63433265361143
3.29729246469622
3.29729246469622
3.02290972375922
2.93468247745291
2.93468247745291
2.49221414623981
1.78939576802021
1.78939576802021
0.77158367615374
0.70058745217535
0.70058745217535
2.44371769827571
3.91476156470968
7.0370756308941
5.63111013831399
7.0370756308941
7.0370756308941
7.93422553697066
7.86129318037221
8.18028112284926
8.18028112284926
8.18028112284926
7.85957460655637
7.85957460655637
6.97095925798666
6.97095925798666
5.28063695114281
5.28063695114281
5.28063695114281
2.97266860325425
2.97266860325425
2.97266860325425
1.78965511837084
1.78965511837084
4.62952564709548
4.62952564709548
26537.4192535521
309.481279044724
303.838547509238
247.295070547699
303.838547509238
247.295070547699
142.051974453973
142.051974453973
191.695487159259
8.03784801913184
8.03784801913184
142.051974453973
191.695487159259
191.695487159259
240.272029090059
240.272029090059
436.284318609253
483.454289705011
91.8047018507928
10.210272232383
10.210272232383
11.3046061155971
10.910291618955
11.3046061155971
7488.67355144844
601.180067954574
687.084052956193
687.084052956193
687.084052956193
687.084052956193
687.084052956193
687.084052956193
687.084052956193
633.668791394144
191.695487159259
633.668791394144
483.454289705011
191.695487159259
191.695487159259
8.03784801913184
8.03784801913184
8.03784801913184
8.03784801913184
142.051974453973
170.496712952257
264.144537693942
264.144537693942
264.144537693942
102.306211891549
11.3046061155971
11.2121816903736
11.2121816903736
11.3158766254529
11.3158766254529
11.3158766254529
11.3158766254529
11.3158766254529
11.3158766254529
11.3158766254529
10.910291618955
10.910291618955
10.910291618955
10.910291618955
130.166681606477
3.37671061887845
5.68903519964363
3.37671061887845
3.37671061887845
3.37671061887845
3.37671061887845
3.37671061887845
3.37671061887845
3.37671061887845
1.24040583205481
3.37671061887845
3.37671061887845
3.37671061887845
3.37671061887845
3.37671061887845
1.24040583205481
1.24040583205481
1.24040583205481
0.758437857753614
0.758437857753614
0.287310388249828
0.287310388249828
0.287310388249828
1.00470905374246
1.00470905374246
2.74335682966516
5.97029196950496
2.74335682966516
4.49136657890192
5.97029196950496
7.30354514867871
7.08354783340719
46.5639661106744
0.6957016174794
0.671528207555765
0.671528207555765
0.687869554276172
0.671528207555765
0.789049788395683
1.16213805530016
1.16213805530016
1.16213805530016
1.16213805530016
1.16213805530016
1.10295662843112
0.865290506093905
0.865290506093905
0.496656163029184
0.496656163029184
0.00840924439308914
0.49793191928529
0.90230154356431
0.90230154356431
0.90230154356431
1.20259885722209
1.20259885722209
1.32088422646623
0.462274388781347
0.00840924439308914
0.462274388781347
0.00840924439308914
0.882939946622567
0.865290506093905
1.10295662843112
0.882939946622567
1.16213805530016
1.16213805530016
1.06720977206227
0.872528701674983
0.872528701674983
0.639984627327082
0.431426384005865
0.431426384005865
0.279634814385413
0.279634814385413
0.279634814385413
0.342593033639494
0.342593033639494
0.459030180285668
0.676166784937914
0.719870395138854
0.584426130598669
0.671695618559901
1.17589691550398
1.17589691550398
1.17589691550398
498.340288825018
21.9999952635125
28.8307127375446
36.1714886667151
34.5450417116752
34.5450417116752
34.5450417116752
29.0613861841082
6.71593474901753
6.74351015077323
6.74351015077323
20.6903073554959
78.5058721601702
0.789049788395683
0.789049788395683
0.789049788395683
0.789049788395683
0.789049788395683
501.20229455904
31.7315632799436
23.6787057860592
36.5206869005477
30.2509344914989
30.2509344914989
30.2509344914989
30.2509344914989
30.2509344914989
30.2509344914989
30.2509344914989
19.4152721205086
30.2509344914989
10983.6148471151
79.673230964905
31.274833861255
30.2509344914989
30.2509344914989
31.7315632799436
31.7315632799436
31.7315632799436
30.2509344914989
31.7315632799436
30.2509344914989
78.2615374489728
0.701365976113842
0.789049788395683
0.92850889206555
0.92850889206555
0.789049788395683
0.92850889206555
0.92850889206555
0.92850889206555
0.92850889206555
0.789049788395683
0.92850889206555
0.701365976113842
0.789049788395683
0.789049788395683
0.701365976113842
0.701365976113842
0.782342074039602
0.701365976113842
0.701365976113842
0.701365976113842
0.671566526042619
0.671566526042619
0.671566526042619
0.687869554276172
0.687869554276172
0.687869554276172
0.715186947283949
0.715186947283949
0.715186947283949
0.719870395138854
0.719870395138854
0.67749382089774
0.719870395138854
0.719870395138854
0.584426130598669
0.584426130598669
0.458222169350229
0.342593033639494
0.342593033639494
0.279634814385413
0.279634814385413
0.279634814385413
0.305020547580378
0.431426384005865
0.431426384005865
0.872528701674983
0.872528701674983
50194.9092987171
256.902672652093
162.918467089561
162.918467089561
65.8806578256589
151.391916187822
99.0128969681947
6.9309865171935
6.9309865171935
6.9309865171935
6.9309865171935
6.9309865171935
3.84866009351055
1.06624266735298
3.6889522162461
3.6889522162461
3.6889522162461
1.06624266735298
0.951971925379309
2.53454962451457
2.53454962451457
2.53454962451457
2.53454962451457
2.19173939421197
2.19173939421197
2.19173939421197
1.21079367912371
1.21079367912371
0.426627891690943
0.149993520319269
0.0839229231039441
0.0839229231039441
0.559305075290775
0.559305075290775
0.906679204427974
0.89358054377858
0.188110234750377
0.188110234750377
1.59036598164695
3.52421057248331
3.44582833482909
3.52421057248331
3.52421057248331
4.15902357512614
3.90171989316746
2.80321594683757
1.02966171905774
1.02966171905774
0.968673153187447
3.56636653408294
5.86855384267318
5.86855384267318
9.99575762907272
11.2128069331411
11.2128069331411
11.2128069331411
32.9198313912043
9.34212349441073
9.34212349441073
17.5906511463599
15.2192935743091
17.5906511463599
17.5906511463599
17.5906511463599
17.5906511463599
18.8870510040777
13695.6657382366
186.744943221395
186.744943221395
186.744943221395
101.769897149747
48.0967137871896
100.675501684643
18.9051460561577
17.841365036518
18.9051460561577
17.841365036518
17.841365036518
17.841365036518
14.9189533828855
17.841365036518
14.9189533828855
14.9189533828855
4.9409869969753
4.9409869969753
4.9409869969753
4.9409869969753
4.9409869969753
11.2218088054463
11.2218088054463
4.9409869969753
11.2218088054463
14.9189533828855
14.9189533828855
14.9189533828855
14.9189533828855
13876.6336622407
418.330480282967
590.952958213639
743.68206578738
743.68206578738
836.884296640601
779.884170706084
650.063815138613
478.581401502656
308.588315590209
308.588315590209
308.588315590209
157.297259838265
1.4053965691116
1.75622167407258
126.293143089366
126.293143089366
126.293143089366
102.139778748802
1.72907294629562
0.755596315408777
0.755596315408777
0.755596315408777
4.79606343864352
6.06559184771197
6.06559184771197
6.90769600508393
7.98506354870221
7.98506354870221
7.98506354870221
7.98506354870221
8.57076736217917
9.32721550630835
69.8068394302066
0.961781622611089
0.961781622611089
3.6889522162461
3.6889522162461
6.9309865171935
6.9309865171935
6.9309865171935
10.8484575813007
10.8484575813007
10.8484575813007
10.8484575813007
10.8484575813007
6.9309865171935
6.9309865171935
383.662297694509
31.7315632799436
31.7315632799436
21.6800615745158
31.7315632799436
31.7315632799436
34.5260022256091
24.7191866821272
24.7191866821272
24.7191866821272
24.7191866821272
23.2150298178566
25.828909720188
18.5930883314978
18.5930883314978
18.5930883314978
13.1316098079118
7.10631541069969
7.10631541069969
7.10631541069969
3.16766188232032
6.80319238795983
9.04850854097222
9.04850854097222
9.04850854097222
9.04850854097222
9.9387705697567
9.9387705697567
9.9387705697567
9.9387705697567
9.9387705697567
9.63691685843579
6.38343844344447
9.63691685843579
8.38576942376689
8.38576942376689
6.38343844344447
6.38343844344447
46.9660095812016
2.84711711874204
2.84711711874204
2.84711711874204
3.00325238741084
2.85263821710326
2.85263821710326
2.85263821710326
2.85263821710326
2.84711711874204
2.85263821710326
2.85263821710326
2.85263821710326
2.09750232381479
0.673256373430569
0.673256373430569
1.35625904053201
2.09750232381479
0.673256373425511
3.82408431002719
3.82408431002719
3.82408431002719
3.82408431002719
6.41216204377808
8.70408642548989
8.70408642548989
10.2241484075414
8.65368715141591
260.358479846889
31.7315632799436
23.6787057860592
0.309829927010301
0.309829927010301
23.6787057860592
75.2991650813647
278.036350220362
5.6680107000572
7.16178055112107
7.89454533231643
7.54619104953392
7.89454533231643
7.54619104953392
7.54619104953392
7.54619104953392
7.54619104953392
3.02461794282677
5.80910628535596
2.82530714225423
5.30047050042261
0.683600549019822
10.1256649186896
10.1256649186896
14.2486777243745
17.5721518441073
19.7560562603189
20.5923555717614
19.8490805819895
19.8490805819895
268.054182222402
0.309829927010301
0.309829927010301
0.309829927010301
21.6800615745158
21.6800615745158
0.309829927010301
0.309829927010301
0.309829927010301
0.309829927010301
0.309829927010301
21.6800615745158
32.0212338531662
21.6800615745158
31.274833861255
31.274833861255
30.2509344914989
31.274833861255
30.2509344914989
30.2509344914989
32.0212338531662
31.7315632799436
32.0212338531662
30.2509344914989
20.6903073554959
20.6903073554959
20.6903073554959
20.6903073554959
20.6903073554959
20.6903073554959
20.6903073554959
8.2008192666046
46.2213912637326
0.624639856268479
0.624639856268479
0.624639856268479
2.27399192156485
2.27399192156485
2.27399192156485
2.27399192156485
13.7822550671117
8.70004289011637
14.8529715241289
3.18957661880473
3.18957661880473
3.18957661880473
14.8529715241289
14.8529715241289
178.248988466658
17.841365036518
17.841365036518
17.841365036518
17.841365036518
18.9914881560693
18.5752632297475
1.10577419154052
1.10577419154052
1.10577419154052
1.10577419154052
1.10577419154052
1.10577419154052
0.0796739310149963
1.10577419154052
1.10577419154052
1.64816322449931
1.09289471635651
1.10577419155055
1.64961863824437
1.64961863824437
1.09289471635651
1.09289471635651
1.09289471635651
1.09289471635651
0.395773445349839
0.395773445349839
0.286852931989821
0.286852931989821
0.286852931989821
0.730670389035059
0.531089364788738
0.507202846925673
0.531089364788738
0.531089364788738
0.0670200220944417
0.0670200220944417
0.774774485942122
0.774774485942122
0.774774485942122
1.95617392430831
2.10819395263217
2.10819395263217
2.10819395263217
2.10819395263217
1.86610645289956
1.22427122290144
1.22427122290144
0.493148233907355
1.22427122290144
0.624588905643078
0.29649871874077
1.45244672539437
1.45244672539437
1.45244672539437
1.45244672539437
2.07725416052127
2.20235884054936
2.20235884054936
1.81820821163264
1.81820821163264
0.676504601829635
1.23825632257849
1.23825632257849
1.23825632257849
1.23825632257849
1.23825632257849
17.2496702598367
17.2496702598367
12.6868373416713
6.50558382665004
3.85601526090958
3.85601526090958
1.23825632257849
3.43955978865331
3.43955978865331
3.43955978865331
9.34212349441073
9.34212349441073
9.34212349441073
14842.6389485851
99.7509919821263
25.5676764017022
11.9632674124579
11.9632674124579
11.6015440968174
11.6015440968174
11.6015440968174
11.6341880236214
11.6341880236214
11.6341880236214
11.6341880236214
11.6015440968174
11.6015440968174
11.6015440968174
11.6701918675133
275.173305691586
6.50558382665004
3.85601526090958
0.676504601829635
1.71512486300905
1.71512486300905
2.20235884054936
1.54126345661297
1.54126345661297
1.54126345661297
1.54126345661297
0.624588905643078
0.29649871874077
1.86610645289956
2.10458427771826
2.10458427771826
1.98134962240295
1.98134962240295
1.49144716232445
0.107907379269247
0.107907379269247
0.107907379269247
0.507202846925673
0.809325285817944
0.809325285817944
0.809325285817944
0.730670389035059
0.730670389035059
0.376790256379077
0.286852931989821
0.376790256379077
1.08019862463618
1.64816322449931
1.64816322449931
1.64816322449931
1.64816322449931
1.10577419154052
1.10577419154052
1.81812986151854
1.10577419154052
1.81812986151854
1.81812986151854
1.10577419154052
1.10577419154052
0.0796739310149963
0.0796739310149963
0.0796739310149963
0.0796739310149963
0.0796739310149963
40.0865155896132
9.48777217221775
9.48777217221775
5.00220909692772
1.89855318666618
51.812274528021
2.76638245492065
66.4419326774252
1.16225325778463
1.4632494717877
1.16225325778463
1.44942345338865
1.62696576261083
1.62696576261083
1.62696576261083
1.62696576261083
1.62696576261083
1.62590255600913
1.62590255600913
1.62590255600913
1.62590255600913
1.62590255600913
1.62590255600913
1.62590255600913
1.62590255600913
1.62590255600913
1.62590255600913
1.62590255600913
1.4226884862606
1.4226884862606
1.62696576261083
1.63252654769353
1.4632494717877
1.4632494717877
1.16225325778463
1.4632494717877
1.17947829259021
0.807599135467612
0.807599135467612
0.807599135467612
0.807599135467612
0.42980947423803
0.42980947423803
0.42980947423803
0.42980947423803
0.42980947423803
0.0467402576275128
0.0467402576275128
0.314350417621078
0.656253965424929
1.01177192970664
1.01177192970664
1.76925532033631
1.76925532033631
1.76925532033631
1.76925532033631
2.14075100042481
2.14075100042481
2.58343344902706
2.05374485089041
2.05374485089041
2.05374485089041
1.21259600142582
0.00746500583709921
0.00746500583709921
31.0722131950547
12.1857440571401
12.1857440571401
19.5899901797951
18.7720391077819
18.7720391077819
10.8334414222988
3.60807858686288
7.95290636528088
7.95290636528088
11.5058122921223
12.407725385047
11.3382574659384
11.3382574659384
8.96372249629977
8.96372249629977
5.74539719967271
8.64156759975142
1.09611630699242
4.29065638531543
4.29065638531543
9.1169239831523
9.1169239831523
16.6038275538068
16.6038275538068
16.8009829060197
16.3010825029681
2.03856120811377
2.03856120811377
10.4639498648226
41.6184947183922
1.7275806362496
1.96331046356854
1.21909741877774
1.21909741877774
0.132899895943968
0.132899895943968
1.52696561647965
1.52696561647965
1.52696561647965
1.52696561647965
2.50746252208645
3.02679040272447
3.02679040272447
3.02679040272447
2.9764633126593
2.3338503766978
1.33207537836495
0.109342215824995
0.109342215824995
1.20482016082124
2.27589249341268
2.3592511961225
3.34804562996352
3.34804562996352
3.34804562996352
3.34804562996352
3.1659798408647
3.1659798408647
2.5206596076767
1.53008919670145
1.50020909172202
0.236761749286712
1.15910635371729
1.15910635371729
3.81659132468054
4.85075834264849
4.85075834264849
4.85075834264849
6.04354467101596
6.04354467101596
6.15174273341255
5.93549333150038
5.93549333150038
5.93549333150038
4.72346063637209
4.72346063637209
3.8039411565832
68.1304274517495
2.03856120811377
12.1701324823068
45.0029375464002
8.45444915748902
8.45444915748902
4.43935633399753
1.9687286826829
1.43521036654807
0.679685817053213
0.679685817053213
0.205803658497386
0.679685817053213
1.17156805621726
0.205803658497386
1.17156805621726
1.84552027844053
1.17156805621726
1.17156805621726
1.17156805621726
1.84552027844053
1.84552027844053
1.84552027844053
1.98487804756546
1.84552027844053
1.84552027844053
2.21536359484689
1.97237991739866
1.97237991739866
2.21361663818486
2.21536359484689
2.21361663818486
1.26719582973361
1.97237991739866
1.26719582973361
1.26719582973361
1.26719582973361
0.413789326807814
59.6923202536031
0.876460786250423
0.471367259378471
0.0568490331434562
0.0568490331434562
0.0568490331434562
0.699338926376436
0.699338926376436
0.699338926376436
0.283648024675626
0.283648024675626
1.38257792901016
1.38257792901016
1.66393199593854
1.85000313119143
1.84140631658145
1.84140631658145
1.6808555827291
1.89492346337582
2.98459497503717
2.98459497503717
4.77949298618709
41.1954828691375
3.5205325537683
6.31764564600889
6.31764564600889
6.31764564600889
309.824244868028
4.43935633399753
15.0586888894111
3.26485420840843
15.0586888894111
35.7120844361199
64.9699804763523
9.00158579018107
8.3561321159696
7.04387711356404
7.04387711356404
2.78880400958062
2.78880400958062
2.78880400958062
7.24202337186303
8.91154955921428
9.66181494625726
8.06448351308662
1.28952580082701
4.69753609632103
1.28952580082701
24.3235058971002
3.01617391428439
6.24781889731191
5.09881771854335
1.60957388622554
1.60957388622554
1.60957388622554
14.1924152199924
29.7513984668563
202.273178021014
56.9143803312255
56.9143803312255
56.9143803312255
56.9143803312255
4.43935633399753
8.89957499999248
7.68934292443837
4.29912618112405
0.693383323075346
1.70447439833103
1.70447439833103
2.74541652641078
2.74541652641078
0.969701987786878
6.80312349369662
6.80312349369662
10.8532521295961
18.0985624380094
20.0040290323876
19.4251066075577
17.0333296794973
13.2511082972
8.73400511131838
0.157439202599079
3.58751864222809
6.14393922177735
7.88574156214354
7.12395183909736
5.62220819682478
3.6689678917082
1.69640375567002
0.0421301388667498
1.14128208855616
1.14128208855616
0.45138911587861
0.820417305863718
0.820417305863718
0.63249860385158
0.0861276188015411
0.63249860385158
0.63249860385158
0.63249860385158
0.63249860385158
0.632498603846881
1.35791401113049
1.96872868271078
