2000 1 1
-1.0
0.0
-0.99899949975
0.000500125020831
-0.9979989995
0.000999999916625
-0.99699849925
0.00149962481248
-0.995997998999
0.00199899983342
-0.994997498749
0.00249812510441
-0.993996998499
0.00299700075038
-0.992996498249
0.00349562689614
-0.991995997999
0.0039940036665
-0.990995497749
0.00449213118616
-0.989994997499
0.00499000957979
-0.988994497249
0.00548763897198
-0.987993996998
0.00598501948725
-0.986993496748
0.00648215125009
-0.985992996498
0.00697903438489
-0.984992496248
0.007475669016
-0.983991995998
0.00797205526771
-0.982991495748
0.00846819326423
-0.981990995498
0.00896408312973
-0.980990495248
0.0094597249883
-0.979989994997
0.00995511896398
-0.978989494747
0.0104502651807
-0.977988994497
0.0109451637625
-0.976988494247
0.011439814833
-0.975987993997
0.0119342185162
-0.974987493747
0.0124283749358
-0.973986993497
0.0129222842153
-0.972986493247
0.0134159464785
-0.971985992996
0.0139093618488
-0.970985492746
0.0144025304498
-0.969984992496
0.0148954524048
-0.968984492246
0.0153881278372
-0.967983991996
0.0158805568702
-0.966983491746
0.0163727396272
-0.965982991496
0.0168646762313
-0.964982491246
0.0173563668056
-0.963981990995
0.0178478114731
-0.962981490745
0.0183390103569
-0.961980990495
0.0188299635797
-0.960980490245
0.0193206712647
-0.959979989995
0.0198111335344
-0.958979489745
0.0203013505116
-0.957978989495
0.0207913223191
-0.956978489245
0.0212810490794
-0.955977988994
0.0217705309151
-0.954977488744
0.0222597679487
-0.953976988494
0.0227487603027
-0.952976488244
0.0232375080993
-0.951975987994
0.0237260114609
-0.950975487744
0.0242142705097
-0.949974987494
0.024702285368
-0.948974487244
0.0251900561579
-0.947973986993
0.0256775830013
-0.946973486743
0.0261648660204
-0.945972986493
0.0266519053371
-0.944972486243
0.0271387010732
-0.943971985993
0.0276252533506
-0.942971485743
0.028111562291
-0.941970985493
0.0285976280162
-0.940970485243
0.0290834506477
-0.939969984992
0.0295690303072
-0.938969484742
0.0300543671161
-0.937968984492
0.030539461196
-0.936968484242
0.0310243126681
-0.935967983992
0.031508921654
-0.934967483742
0.0319932882747
-0.933966983492
0.0324774126516
-0.932966483242
0.0329612949057
-0.931965982991
0.0334449351582
-0.930965482741
0.0339283335302
-0.929964982491
0.0344114901425
-0.928964482241
0.0348944051161
-0.927963981991
0.0353770785718
-0.926963481741
0.0358595106305
-0.925962981491
0.0363417014128
-0.924962481241
0.0368236510395
-0.92396198099
0.0373053596311
-0.92296148074
0.0377868273082
-0.92196098049
0.0382680541912
-0.92096048024
0.0387490404006
-0.91995997999
0.0392297860568
-0.91895947974
0.0397102912801
-0.91795897949
0.0401905561907
-0.91695847924
0.0406705809087
-0.915957978989
0.0411503655544
-0.914957478739
0.0416299102478
-0.913956978489
0.0421092151089
-0.912956478239
0.0425882802577
-0.911955977989
0.043067105814
-0.910955477739
0.0435456918976
-0.909954977489
0.0440240386284
-0.908954477239
0.044502146126
-0.907953976988
0.04498001451
-0.906953476738
0.0454576439002
-0.905952976488
0.0459350344159
-0.904952476238
0.0464121861767
-0.903951975988
0.0468890993019
-0.902951475738
0.047365773911
-0.901950975488
0.0478422101232
-0.900950475238
0.0483184080577
-0.899949974987
0.0487943678337
-0.898949474737
0.0492700895703
-0.897948974487
0.0497455733865
-0.896948474237
0.0502208194014
-0.895947973987
0.0506958277339
-0.894947473737
0.0511705985028
-0.893946973487
0.051645131827
-0.892946473237
0.0521194278252
-0.891945972986
0.0525934866161
-0.890945472736
0.0530673083184
-0.889944972486
0.0535408930505
-0.888944472236
0.0540142409311
-0.887943971986
0.0544873520786
-0.886943471736
0.0549602266113
-0.885942971486
0.0554328646476
-0.884942471236
0.0559052663059
-0.883941970985
0.0563774317042
-0.882941470735
0.0568493609609
-0.881940970485
0.0573210541939
-0.880940470235
0.0577925115213
-0.879939969985
0.0582637330611
-0.878939469735
0.0587347189312
-0.877938969485
0.0592054692495
-0.876938469235
0.0596759841338
-0.875937968984
0.0601462637018
-0.874937468734
0.0606163080713
-0.873936968484
0.0610861173598
-0.872936468234
0.0615556916849
-0.871935967984
0.0620250311641
-0.870935467734
0.0624941359149
-0.869934967484
0.0629630060547
-0.868934467234
0.0634316417009
-0.867933966983
0.0639000429706
-0.866933466733
0.0643682099811
-0.865932966483
0.0648361428495
-0.864932466233
0.0653038416931
-0.863931965983
0.0657713066287
-0.862931465733
0.0662385377735
-0.861930965483
0.0667055352442
-0.860930465233
0.0671722991578
-0.859929964982
0.0676388296311
-0.858929464732
0.0681051267809
-0.857928964482
0.0685711907238
-0.856928464232
0.0690370215764
-0.855927963982
0.0695026194554
-0.854927463732
0.0699679844772
-0.853926963482
0.0704331167584
-0.852926463232
0.0708980164152
-0.851925962981
0.0713626835641
-0.850925462731
0.0718271183213
-0.849924962481
0.0722913208031
-0.848924462231
0.0727552911256
-0.847923961981
0.073219029405
-0.846923461731
0.0736825357572
-0.845922961481
0.0741458102983
-0.844922461231
0.0746088531442
-0.84392196098
0.0750716644108
-0.84292146073
0.0755342442139
-0.84192096048
0.0759965926693
-0.84092046023
0.0764587098926
-0.83991995998
0.0769205959996
-0.83891945973
0.0773822511057
-0.83791895948
0.0778436753266
-0.83691845923
0.0783048687777
-0.835917958979
0.0787658315744
-0.834917458729
0.0792265638321
-0.833916958479
0.079687065666
-0.832916458229
0.0801473371915
-0.831915957979
0.0806073785236
-0.830915457729
0.0810671897776
-0.829914957479
0.0815267710684
-0.828914457229
0.0819861225112
-0.827913956978
0.0824452442208
-0.826913456728
0.0829041363121
-0.825912956478
0.0833627989001
-0.824912456228
0.0838212320994
-0.823911955978
0.0842794360247
-0.822911455728
0.0847374107909
-0.821910955478
0.0851951565124
-0.820910455228
0.0856526733038
-0.819909954977
0.0861099612796
-0.818909454727
0.0865670205542
-0.817908954477
0.0870238512421
-0.816908454227
0.0874804534575
-0.815907953977
0.0879368273147
-0.814907453727
0.088392972928
-0.813906953477
0.0888488904114
-0.812906453227
0.089304579879
-0.811905952976
0.089760041445
-0.810905452726
0.0902152752232
-0.809904952476
0.0906702813277
-0.808904452226
0.0911250598722
-0.807903951976
0.0915796109705
-0.806903451726
0.0920339347365
-0.805902951476
0.0924880312838
-0.804902451226
0.0929419007261
-0.803901950975
0.0933955431769
-0.802901450725
0.0938489587497
-0.801900950475
0.0943021475581
-0.800900450225
0.0947551097154
-0.799899949975
0.095207845335
-0.798899449725
0.0956603545302
-0.797898949475
0.0961126374143
-0.796898449225
0.0965646941003
-0.795897948974
0.0970165247015
-0.794897448724
0.0974681293309
-0.793896948474
0.0979195081015
-0.792896448224
0.0983706611263
-0.791895947974
0.0988215885182
-0.790895447724
0.09927229039
-0.789894947474
0.0997227668545
-0.788894447224
0.100173018025
-0.787893946973
0.100623044013
-0.786893446723
0.101072844931
-0.785892946473
0.101522420894
-0.784892446223
0.101971772012
-0.783891945973
0.102420898398
-0.782891445723
0.102869800165
-0.781890945473
0.103318477425
-0.780890445223
0.10376693029
-0.779889944972
0.104215158872
-0.778889444722
0.104663163285
-0.777888944472
0.105110943639
-0.776888444222
0.105558500047
-0.775887943972
0.106005832621
-0.774887443722
0.106452941472
-0.773886943472
0.106899826713
-0.772886443222
0.107346488456
-0.771885942971
0.107792926812
-0.770885442721
0.108239141893
-0.769884942471
0.108685133811
-0.768884442221
0.109130902677
-0.767883941971
0.109576448603
-0.766883441721
0.1100217717
-0.765882941471
0.11046687208
-0.764882441221
0.110911749854
-0.76388194097
0.111356405134
-0.76288144072
0.11180083803
-0.76188094047
0.112245048655
-0.76088044022
0.112689037118
-0.75987993997
0.113132803532
-0.75887943972
0.113576348007
-0.75787893947
0.114019670654
-0.75687843922
0.114462771585
-0.755877938969
0.11490565091
-0.754877438719
0.11534830874
-0.753876938469
0.115790745185
-0.752876438219
0.116232960357
-0.751875937969
0.116674954366
-0.750875437719
0.117116727323
-0.749874937469
0.117558279338
-0.748874437219
0.117999610522
-0.747873936968
0.118440720985
-0.746873436718
0.118881610838
-0.745872936468
0.119322280191
-0.744872436218
0.119762729154
-0.743871935968
0.120202957837
-0.742871435718
0.120642966351
-0.741870935468
0.121082754806
-0.740870435218
0.121522323312
-0.739869934967
0.121961671978
-0.738869434717
0.122400800915
-0.737868934467
0.122839710233
-0.736868434217
0.123278400041
-0.735867933967
0.123716870449
-0.734867433717
0.124155121568
-0.733866933467
0.124593153506
-0.732866433217
0.125030966373
-0.731865932966
0.125468560279
-0.730865432716
0.125905935334
-0.729864932466
0.126343091646
-0.728864432216
0.126780029326
-0.727863931966
0.127216748482
-0.726863431716
0.127653249224
-0.725862931466
0.128089531661
-0.724862431216
0.128525595902
-0.723861930965
0.128961442056
-0.722861430715
0.129397070233
-0.721860930465
0.129832480542
-0.720860430215
0.13026767309
-0.719859929965
0.130702647988
-0.718859429715
0.131137405345
-0.717858929465
0.131571945268
-0.716858429215
0.132006267867
-0.715857928964
0.13244037325
-0.714857428714
0.132874261527
-0.713856928464
0.133307932805
-0.712856428214
0.133741387193
-0.711855927964
0.1341746248
-0.710855427714
0.134607645733
-0.709854927464
0.135040450103
-0.708854427214
0.135473038016
-0.707853926963
0.13590540958
-0.706853426713
0.136337564905
-0.705852926463
0.136769504099
-0.704852426213
0.137201227269
-0.703851925963
0.137632734523
-0.702851425713
0.138064025969
-0.701850925463
0.138495101716
-0.700850425213
0.138925961872
-0.699849924962
0.139356606543
-0.698849424712
0.139787035838
-0.697848924462
0.140217249864
-0.696848424212
0.14064724873
-0.695847923962
0.141077032543
-0.694847423712
0.14150660141
-0.693846923462
0.141935955439
-0.692846423212
0.142365094737
-0.691845922961
0.142794019412
-0.690845422711
0.143222729571
-0.689844922461
0.143651225321
-0.688844422211
0.14407950677
-0.687843921961
0.144507574024
-0.686843421711
0.144935427192
-0.685842921461
0.145363066379
-0.684842421211
0.145790491693
-0.68384192096
0.146217703241
-0.68284142071
0.14664470113
-0.68184092046
0.147071485467
-0.68084042021
0.147498056358
-0.67983991996
0.14792441391
-0.67883941971
0.14835055823
-0.67783891946
0.148776489425
-0.67683841921
0.149202207601
-0.675837918959
0.149627712865
-0.674837418709
0.150053005323
-0.673836918459
0.150478085081
-0.672836418209
0.150902952246
-0.671835917959
0.151327606925
-0.670835417709
0.151752049223
-0.669834917459
0.152176279247
-0.668834417209
0.152600297103
-0.667833916958
0.153024102898
-0.666833416708
0.153447696736
-0.665832916458
0.153871078724
-0.664832416208
0.154294248968
-0.663831915958
0.154717207575
-0.662831415708
0.155139954649
-0.661830915458
0.155562490297
-0.660830415208
0.155984814624
-0.659829914957
0.156406927736
-0.658829414707
0.156828829739
-0.657828914457
0.157250520738
-0.656828414207
0.157672000839
-0.655827913957
0.158093270147
-0.654827413707
0.158514328768
-0.653826913457
0.158935176807
-0.652826413207
0.159355814369
-0.651825912956
0.15977624156
-0.650825412706
0.160196458484
-0.649824912456
0.160616465248
-0.648824412206
0.161036261956
-0.647823911956
0.161455848713
-0.646823411706
0.161875225624
-0.645822911456
0.162294392794
-0.644822411206
0.162713350328
-0.643821910955
0.163132098332
-0.642821410705
0.163550636908
-0.641820910455
0.163968966163
-0.640820410205
0.164387086202
-0.639819909955
0.164804997128
-0.638819409705
0.165222699046
-0.637818909455
0.165640192061
-0.636818409205
0.166057476277
-0.635817908954
0.166474551799
-0.634817408704
0.166891418731
-0.633816908454
0.167308077178
-0.632816408204
0.167724527243
-0.631815907954
0.168140769031
-0.630815407704
0.168556802647
-0.629814907454
0.168972628193
-0.628814407204
0.169388245775
-0.627813906953
0.169803655495
-0.626813406703
0.17021885746
-0.625812906453
0.170633851771
-0.624812406203
0.171048638533
-0.623811905953
0.17146321785
-0.622811405703
0.171877589825
-0.621810905453
0.172291754563
-0.620810405203
0.172705712166
-0.619809904952
0.173119462739
-0.618809404702
0.173533006385
-0.617808904452
0.173946343208
-0.616808404202
0.17435947331
-0.615807903952
0.174772396796
-0.614807403702
0.175185113768
-0.613806903452
0.17559762433
-0.612806403202
0.176009928585
-0.611805902951
0.176422026637
-0.610805402701
0.176833918588
-0.609804902451
0.177245604542
-0.608804402201
0.177657084601
-0.607803901951
0.178068358868
-0.606803401701
0.178479427448
-0.605802901451
0.178890290441
-0.604802401201
0.179300947952
-0.60380190095
0.179711400082
-0.6028014007
0.180121646935
-0.60180090045
0.180531688614
-0.6008004002
0.18094152522
-0.59979989995
0.181351156857
-0.5987993997
0.181760583626
-0.59779889945
0.182169805632
-0.5967983992
0.182578822975
-0.595797898949
0.182987635758
-0.594797398699
0.183396244083
-0.593796898449
0.183804648054
-0.592796398199
0.184212847771
-0.591795897949
0.184620843338
-0.590795397699
0.185028634856
-0.589794897449
0.185436222426
-0.588794397199
0.185843606153
-0.587793896948
0.186250786136
-0.586793396698
0.186657762479
-0.585792896448
0.187064535282
-0.584792396198
0.187471104648
-0.583791895948
0.187877470679
-0.582791395698
0.188283633476
-0.581790895448
0.188689593141
-0.580790395198
0.189095349775
-0.579789894947
0.18950090348
-0.578789394697
0.189906254357
-0.577788894447
0.190311402509
-0.576788394197
0.190716348036
-0.575787893947
0.191121091039
-0.574787393697
0.19152563162
-0.573786893447
0.19192996988
-0.572786393197
0.192334105921
-0.571785892946
0.192738039843
-0.570785392696
0.193141771748
-0.569784892446
0.193545301736
-0.568784392196
0.193948629909
-0.567783891946
0.194351756367
-0.566783391696
0.194754681212
-0.565782891446
0.195157404543
-0.564782391196
0.195559926463
-0.563781890945
0.195962247072
-0.562781390695
0.19636436647
-0.561780890445
0.196766284758
-0.560780390195
0.197168002036
-0.559779889945
0.197569518406
-0.558779389695
0.197970833967
-0.557778889445
0.198371948821
-0.556778389195
0.198772863066
-0.555777888944
0.199173576805
-0.554777388694
0.199574090137
-0.553776888444
0.199974403161
-0.552776388194
0.20037451598
-0.551775887944
0.200774428692
-0.550775387694
0.201174141397
-0.549774887444
0.201573654196
-0.548774387194
0.201972967189
-0.547773886943
0.202372080475
-0.546773386693
0.202770994155
-0.545772886443
0.203169708329
-0.544772386193
0.203568223095
-0.543771885943
0.203966538554
-0.542771385693
0.204364654805
-0.541770885443
0.204762571949
-0.540770385193
0.205160290084
-0.539769884942
0.205557809311
-0.538769384692
0.205955129728
-0.537768884442
0.206352251435
-0.536768384192
0.206749174532
-0.535767883942
0.207145899117
-0.534767383692
0.207542425291
-0.533766883442
0.207938753152
-0.532766383192
0.2083348828
-0.531765882941
0.208730814333
-0.530765382691
0.209126547851
-0.529764882441
0.209522083453
-0.528764382191
0.209917421237
-0.527763881941
0.210312561303
-0.526763381691
0.21070750375
-0.525762881441
0.211102248676
-0.524762381191
0.211496796181
-0.52376188094
0.211891146362
-0.52276138069
0.212285299319
-0.52176088044
0.21267925515
-0.52076038019
0.213073013954
-0.51975987994
0.213466575829
-0.51875937969
0.213859940874
-0.51775887944
0.214253109187
-0.51675837919
0.214646080868
-0.515757878939
0.215038856013
-0.514757378689
0.215431434721
-0.513756878439
0.215823817091
-0.512756378189
0.216216003221
-0.511755877939
0.216607993209
-0.510755377689
0.216999787153
-0.509754877439
0.21739138515
-0.508754377189
0.2177827873
-0.507753876938
0.2181739937
-0.506753376688
0.218565004448
-0.505752876438
0.218955819641
-0.504752376188
0.219346439378
-0.503751875938
0.219736863756
-0.502751375688
0.220127092874
-0.501750875438
0.220517126827
-0.500750375188
0.220906965716
-0.499749874937
0.221296609636
-0.498749374687
0.221686058685
-0.497748874437
0.222075312961
-0.496748374187
0.222464372561
-0.495747873937
0.222853237583
-0.494747373687
0.223241908124
-0.493746873437
0.223630384281
-0.492746373187
0.224018666151
-0.491745872936
0.224406753832
-0.490745372686
0.22479464742
-0.489744872436
0.225182347013
-0.488744372186
0.225569852708
-0.487743871936
0.225957164602
-0.486743371686
0.226344282791
-0.485742871436
0.226731207373
-0.484742371186
0.227117938444
-0.483741870935
0.227504476101
-0.482741370685
0.227890820441
-0.481740870435
0.22827697156
-0.480740370185
0.228662929556
-0.479739869935
0.229048694524
-0.478739369685
0.229434266562
-0.477738869435
0.229819645766
-0.476738369185
0.230204832231
-0.475737868934
0.230589826056
-0.474737368684
0.230974627335
-0.473736868434
0.231359236165
-0.472736368184
0.231743652643
-0.471735867934
0.232127876865
-0.470735367684
0.232511908927
-0.469734867434
0.232895748924
-0.468734367184
0.233279396954
-0.467733866933
0.233662853111
-0.466733366683
0.234046117493
-0.465732866433
0.234429190194
-0.464732366183
0.234812071312
-0.463731865933
0.23519476094
-0.462731365683
0.235577259176
-0.461730865433
0.235959566116
-0.460730365183
0.236341681854
-0.459729864932
0.236723606486
-0.458729364682
0.237105340108
-0.457728864432
0.237486882816
-0.456728364182
0.237868234704
-0.455727863932
0.238249395869
-0.454727363682
0.238630366406
-0.453726863432
0.23901114641
-0.452726363182
0.239391735976
-0.451725862931
0.2397721352
-0.450725362681
0.240152344177
-0.449724862431
0.240532363001
-0.448724362181
0.240912191769
-0.447723861931
0.241291830575
-0.446723361681
0.241671279514
-0.445722861431
0.242050538681
-0.444722361181
0.242429608171
-0.44372186093
0.242808488079
-0.44272136068
0.2431871785
-0.44172086043
0.243565679528
-0.44072036018
0.243943991259
-0.43971985993
0.244322113786
-0.43871935968
0.244700047204
-0.43771885943
0.245077791609
-0.43671835918
0.245455347094
-0.435717858929
0.245832713754
-0.434717358679
0.246209891684
-0.433716858429
0.246586880978
-0.432716358179
0.24696368173
-0.431715857929
0.247340294034
-0.430715357679
0.247716717985
-0.429714857429
0.248092953677
-0.428714357179
0.248469001204
-0.427713856928
0.248844860661
-0.426713356678
0.24922053214
-0.425712856428
0.249596015737
-0.424712356178
0.249971311546
-0.423711855928
0.250346419659
-0.422711355678
0.250721340172
-0.421710855428
0.251096073177
-0.420710355178
0.251470618769
-0.419709854927
0.251844977041
-0.418709354677
0.252219148088
-0.417708854427
0.252593132002
-0.416708354177
0.252966928877
-0.415707853927
0.253340538808
-0.414707353677
0.253713961886
-0.413706853427
0.254087198207
-0.412706353177
0.254460247862
-0.411705852926
0.254833110946
-0.410705352676
0.255205787552
-0.409704852426
0.255578277773
-0.408704352176
0.255950581702
-0.407703851926
0.256322699433
-0.406703351676
0.256694631059
-0.405702851426
0.257066376672
-0.404702351176
0.257437936366
-0.403701850925
0.257809310233
-0.402701350675
0.258180498367
-0.401700850425
0.258551500861
-0.400700350175
0.258922317807
-0.399699849925
0.259292949298
-0.398699349675
0.259663395428
-0.397698849425
0.260033656287
-0.396698349175
0.26040373197
-0.395697848924
0.260773622569
-0.394697348674
0.261143328177
-0.393696848424
0.261512848885
-0.392696348174
0.261882184787
-0.391695847924
0.262251335975
-0.390695347674
0.262620302541
-0.389694847424
0.262989084577
-0.388694347174
0.263357682177
-0.387693846923
0.263726095431
-0.386693346673
0.264094324433
-0.385692846423
0.264462369274
-0.384692346173
0.264830230047
-0.383691845923
0.265197906844
-0.382691345673
0.265565399756
-0.381690845423
0.265932708876
-0.380690345173
0.266299834295
-0.379689844922
0.266666776106
-0.378689344672
0.267033534399
-0.377688844422
0.267400109268
-0.376688344172
0.267766500804
-0.375687843922
0.268132709098
-0.374687343672
0.268498734242
-0.373686843422
0.268864576328
-0.372686343172
0.269230235447
-0.371685842921
0.269595711691
-0.370685342671
0.269961005151
-0.369684842421
0.270326115918
-0.368684342171
0.270691044084
-0.367683841921
0.271055789741
-0.366683341671
0.27142035298
-0.365682841421
0.271784733891
-0.364682341171
0.272148932566
-0.36368184092
0.272512949096
-0.36268134067
0.272876783573
-0.36168084042
0.273240436086
-0.36068034017
0.273603906728
-0.35967983992
0.27396719559
-0.35867933967
0.274330302761
-0.35767883942
0.274693228334
-0.35667833917
0.275055972398
-0.355677838919
0.275418535045
-0.354677338669
0.275780916365
-0.353676838419
0.276143116449
-0.352676338169
0.276505135388
-0.351675837919
0.276866973273
-0.350675337669
0.277228630193
-0.349674837419
0.277590106239
-0.348674337169
0.277951401502
-0.347673836918
0.278312516072
-0.346673336668
0.27867345004
-0.345672836418
0.279034203496
-0.344672336168
0.27939477653
-0.343671835918
0.279755169233
-0.342671335668
0.280115381694
-0.341670835418
0.280475414003
-0.340670335168
0.280835266252
-0.339669834917
0.281194938529
-0.338669334667
0.281554430926
-0.337668834417
0.281913743531
-0.336668334167
0.282272876435
-0.335667833917
0.282631829728
-0.334667333667
0.282990603499
-0.333666833417
0.283349197838
-0.332666333167
0.283707612835
-0.331665832916
0.28406584858
-0.330665332666
0.284423905163
-0.329664832416
0.284781782672
-0.328664332166
0.285139481198
-0.327663831916
0.28549700083
-0.326663331666
0.285854341657
-0.325662831416
0.286211503769
-0.324662331166
0.286568487256
-0.323661830915
0.286925292206
-0.322661330665
0.287281918709
-0.321660830415
0.287638366854
-0.320660330165
0.287994636731
-0.319659829915
0.288350728428
-0.318659329665
0.288706642035
-0.317658829415
0.28906237764
-0.316658329165
0.289417935334
-0.315657828914
0.289773315204
-0.314657328664
0.290128517339
-0.313656828414
0.290483541829
-0.312656328164
0.290838388763
-0.311655827914
0.291193058228
-0.310655327664
0.291547550315
-0.309654827414
0.291901865111
-0.308654327164
0.292256002705
-0.307653826913
0.292609963187
-0.306653326663
0.292963746644
-0.305652826413
0.293317353164
-0.304652326163
0.293670782838
-0.303651825913
0.294024035752
-0.302651325663
0.294377111996
-0.301650825413
0.294730011658
-0.300650325163
0.295082734825
-0.299649824912
0.295435281587
-0.298649324662
0.295787652032
-0.297648824412
0.296139846247
-0.296648324162
0.296491864321
-0.295647823912
0.296843706342
-0.294647323662
0.297195372398
-0.293646823412
0.297546862577
-0.292646323162
0.297898176967
-0.291645822911
0.298249315656
-0.290645322661
0.298600278732
-0.289644822411
0.298951066282
-0.288644322161
0.299301678394
-0.287643821911
0.299652115157
-0.286643321661
0.300002376658
-0.285642821411
0.300352462984
-0.284642321161
0.300702374223
-0.28364182091
0.301052110462
-0.28264132066
0.30140167179
-0.28164082041
0.301751058293
-0.28064032016
0.30210027006
-0.27963981991
0.302449307177
-0.27863931966
0.302798169732
-0.27763881941
0.303146857812
-0.27663831916
0.303495371504
-0.275637818909
0.303843710896
-0.274637318659
0.304191876074
-0.273636818409
0.304539867127
-0.272636318159
0.30488768414
-0.271635817909
0.305235327202
-0.270635317659
0.305582796398
-0.269634817409
0.305930091817
-0.268634317159
0.306277213544
-0.267633816908
0.306624161667
-0.266633316658
0.306970936272
-0.265632816408
0.307317537447
-0.264632316158
0.307663965278
-0.263631815908
0.308010219852
-0.262631315658
0.308356301255
-0.261630815408
0.308702209575
-0.260630315158
0.309047944896
-0.259629814907
0.309393507307
-0.258629314657
0.309738896894
-0.257628814407
0.310084113743
-0.256628314157
0.31042915794
-0.255627813907
0.310774029571
-0.254627313657
0.311118728724
-0.253626813407
0.311463255484
-0.252626313157
0.311807609938
-0.251625812906
0.312151792171
-0.250625312656
0.312495802271
-0.249624812406
0.312839640322
-0.248624312156
0.313183306411
-0.247623811906
0.313526800624
-0.246623311656
0.313870123047
-0.245622811406
0.314213273766
-0.244622311156
0.314556252867
-0.243621810905
0.314899060435
-0.242621310655
0.315241696557
-0.241620810405
0.315584161318
-0.240620310155
0.315926454803
-0.239619809905
0.316268577099
-0.238619309655
0.316610528292
-0.237618809405
0.316952308465
-0.236618309155
0.317293917706
-0.235617808904
0.3176353561
-0.234617308654
0.317976623732
-0.233616808404
0.318317720687
-0.232616308154
0.318658647051
-0.231615807904
0.318999402909
-0.230615307654
0.319339988347
-0.229614807404
0.31968040345
-0.228614307154
0.320020648302
-0.227613806903
0.32036072299
-0.226613306653
0.320700627597
-0.225612806403
0.32104036221
-0.224612306153
0.321379926913
-0.223611805903
0.321719321791
-0.222611305653
0.322058546929
-0.221610805403
0.322397602413
-0.220610305153
0.322736488326
-0.219609804902
0.323075204754
-0.218609304652
0.323413751781
-0.217608804402
0.323752129493
-0.216608304152
0.324090337973
-0.215607803902
0.324428377307
-0.214607303652
0.324766247579
-0.213606803402
0.325103948873
-0.212606303152
0.325441481275
-0.211605802901
0.325778844868
-0.210605302651
0.326116039737
-0.209604802401
0.326453065967
-0.208604302151
0.326789923641
-0.207603801901
0.327126612845
-0.206603301651
0.327463133662
-0.205602801401
0.327799486176
-0.204602301151
0.328135670472
-0.2036018009
0.328471686634
-0.20260130065
0.328807534745
-0.2016008004
0.329143214891
-0.20060030015
0.329478727155
-0.1995997999
0.32981407162
-0.19859929965
0.330149248372
-0.1975987994
0.330484257493
-0.19659829915
0.330819099067
-0.195597798899
0.331153773179
-0.194597298649
0.331488279912
-0.193596798399
0.33182261935
-0.192596298149
0.332156791577
-0.191595797899
0.332490796675
-0.190595297649
0.33282463473
-0.189594797399
0.333158305823
-0.188594297149
0.333491810039
-0.187593796898
0.333825147462
-0.186593296648
0.334158318174
-0.185592796398
0.334491322259
-0.184592296148
0.3348241598
-0.183591795898
0.335156830881
-0.182591295648
0.335489335585
-0.181590795398
0.335821673995
-0.180590295148
0.336153846194
-0.179589794897
0.336485852265
-0.178589294647
0.336817692292
-0.177588794397
0.337149366358
-0.176588294147
0.337480874545
-0.175587793897
0.337812216936
-0.174587293647
0.338143393615
-0.173586793397
0.338474404664
-0.172586293147
0.338805250166
-0.171585792896
0.339135930204
-0.170585292646
0.339466444861
-0.169584792396
0.339796794219
-0.168584292146
0.340126978361
-0.167583791896
0.340456997369
-0.166583291646
0.340786851327
-0.165582791396
0.341116540317
-0.164582291146
0.341446064421
-0.163581790895
0.341775423722
-0.162581290645
0.342104618302
-0.161580790395
0.342433648243
-0.160580290145
0.342762513629
-0.159579789895
0.34309121454
-0.158579289645
0.34341975106
-0.157578789395
0.343748123271
-0.156578289145
0.344076331254
-0.155577788894
0.344404375093
-0.154577288644
0.344732254868
-0.153576788394
0.345059970663
-0.152576288144
0.345387522559
-0.151575787894
0.345714910638
-0.150575287644
0.346042134982
-0.149574787394
0.346369195673
-0.148574287144
0.346696092792
-0.147573786893
0.347022826422
-0.146573286643
0.347349396645
-0.145572786393
0.347675803542
-0.144572286143
0.348002047194
-0.143571785893
0.348328127684
-0.142571285643
0.348654045092
-0.141570785393
0.348979799502
-0.140570285143
0.349305390993
-0.139569784892
0.349630819648
-0.138569284642
0.349956085548
-0.137568784392
0.350281188774
-0.136568284142
0.350606129408
-0.135567783892
0.350930907531
-0.134567283642
0.351255523224
-0.133566783392
0.351579976569
-0.132566283142
0.351904267647
-0.131565782891
0.352228396539
-0.130565282641
0.352552363325
-0.129564782391
0.352876168088
-0.128564282141
0.353199810908
-0.127563781891
0.353523291866
-0.126563281641
0.353846611043
-0.125562781391
0.35416976852
-0.124562281141
0.354492764378
-0.12356178089
0.354815598698
-0.12256128064
0.35513827156
-0.12156078039
0.355460783046
-0.12056028014
0.355783133235
-0.11955977989
0.356105322209
-0.11855927964
0.356427350048
-0.11755877939
0.356749216833
-0.11655827914
0.357070922644
-0.115557778889
0.357392467562
-0.114557278639
0.357713851668
-0.113556778389
0.358035075041
-0.112556278139
0.358356137763
-0.111555777889
0.358677039913
-0.110555277639
0.358997781572
-0.109554777389
0.359318362819
-0.108554277139
0.359638783737
-0.107553776888
0.359959044403
-0.106553276638
0.360279144899
-0.105552776388
0.360599085305
-0.104552276138
0.360918865701
-0.103551775888
0.361238486167
-0.102551275638
0.361557946782
-0.101550775388
0.361877247627
-0.100550275138
0.362196388782
-0.0995497748874
0.362515370326
-0.0985492746373
0.36283419234
-0.0975487743872
0.363152854903
-0.0965482741371
0.363471358095
-0.0955477738869
0.363789701995
-0.0945472736368
0.364107886684
-0.0935467733867
0.36442591224
-0.0925462731366
0.364743778744
-0.0915457728864
0.365061486275
-0.0905452726363
0.365379034912
-0.0895447723862
0.365696424736
-0.0885442721361
0.366013655824
-0.0875437718859
0.366330728258
-0.0865432716358
0.366647642116
-0.0855427713857
0.366964397477
-0.0845422711356
0.367280994421
-0.0835417708854
0.367597433027
-0.0825412706353
0.367913713374
-0.0815407703852
0.368229835541
-0.0805402701351
0.368545799607
-0.0795397698849
0.368861605653
-0.0785392696348
0.369177253755
-0.0775387693847
0.369492743994
-0.0765382691346
0.369808076449
-0.0755377688844
0.370123251198
-0.0745372686343
0.37043826832
-0.0735367683842
0.370753127894
-0.0725362681341
0.371067829999
-0.0715357678839
0.371382374714
-0.0705352676338
0.371696762117
-0.0695347673837
0.372010992287
-0.0685342671336
0.372325065302
-0.0675337668834
0.372638981242
-0.0665332666333
0.372952740184
-0.0655327663832
0.373266342208
-0.0645322661331
0.373579787392
-0.0635317658829
0.373893075814
-0.0625312656328
0.374206207552
-0.0615307653827
0.374519182686
-0.0605302651326
0.374832001293
-0.0595297648824
0.375144663451
-0.0585292646323
0.375457169239
-0.0575287643822
0.375769518736
-0.0565282641321
0.376081712018
-0.0555277638819
0.376393749165
-0.0545272636318
0.376705630254
-0.0535267633817
0.377017355364
-0.0525262631316
0.377328924572
-0.0515257628814
0.377640337956
-0.0505252626313
0.377951595595
-0.0495247623812
0.378262697566
-0.0485242621311
0.378573643948
-0.0475237618809
0.378884434817
-0.0465232616308
0.379195070252
-0.0455227613807
0.37950555033
-0.0445222611306
0.37981587513
-0.0435217608804
0.380126044728
-0.0425212606303
0.380436059203
-0.0415207603802
0.380745918632
-0.0405202601301
0.381055623092
-0.0395197598799
0.381365172662
-0.0385192596298
0.381674567418
-0.0375187593797
0.381983807437
-0.0365182591296
0.382292892799
-0.0355177588794
0.382601823578
-0.0345172586293
0.382910599854
-0.0335167583792
0.383219221703
-0.0325162581291
0.383527689203
-0.0315157578789
0.38383600243
-0.0305152576288
0.384144161462
-0.0295147573787
0.384452166376
-0.0285142571286
0.38476001725
-0.0275137568784
0.385067714159
-0.0265132566283
0.385375257181
-0.0255127563782
0.385682646393
-0.0245122561281
0.385989881873
-0.0235117558779
0.386296963696
-0.0225112556278
0.38660389194
-0.0215107553777
0.386910666681
-0.0205102551276
0.387217287996
-0.0195097548774
0.387523755963
-0.0185092546273
0.387830070657
-0.0175087543772
0.388136232156
-0.0165082541271
0.388442240536
-0.0155077538769
0.388748095873
-0.0145072536268
0.389053798244
-0.0135067533767
0.389359347726
-0.0125062531266
0.389664744395
-0.0115057528764
0.389969988327
-0.0105052526263
0.3902750796
-0.00950475237619
0.390580018288
-0.00850425212606
0.390884804469
-0.00750375187594
0.391189438219
-0.00650325162581
0.391493919614
-0.00550275137569
0.39179824873
-0.00450225112556
0.392102425644
-0.00350175087544
0.392406450431
-0.00250125062531
0.392710323167
-0.00150075037519
0.39301404393
-0.000500250125063
0.393317612794
0.000500250125062
0.393621029835
0.00150075037519
0.39392429513
0.00250125062531
0.394227408755
0.00350175087544
0.394530370785
0.00450225112556
0.394833181295
0.00550275137569
0.395135840363
0.00650325162581
0.395438348064
0.00750375187594
0.395740704472
0.00850425212606
0.396042909665
0.00950475237619
0.396344963718
0.0105052526263
0.396646866705
0.0115057528764
0.396948618704
0.0125062531266
0.397250219788
0.0135067533767
0.397551670035
0.0145072536268
0.397852969518
0.0155077538769
0.398154118314
0.0165082541271
0.398455116498
0.0175087543772
0.398755964146
0.0185092546273
0.399056661332
0.0195097548774
0.399357208132
0.0205102551276
0.39965760462
0.0215107553777
0.399957850873
0.0225112556278
0.400257946966
0.0235117558779
0.400557892972
0.0245122561281
0.400857688969
0.0255127563782
0.401157335029
0.0265132566283
0.40145683123
0.0275137568784
0.401756177645
0.0285142571286
0.402055374349
0.0295147573787
0.402354421417
0.0305152576288
0.402653318924
0.0315157578789
0.402952066946
0.0325162581291
0.403250665556
0.0335167583792
0.403549114829
0.0345172586293
0.40384741484
0.0355177588794
0.404145565664
0.0365182591296
0.404443567376
0.0375187593797
0.404741420049
0.0385192596298
0.405039123759
0.0395197598799
0.405336678579
0.0405202601301
0.405634084585
0.0415207603802
0.405931341851
0.0425212606303
0.406228450451
0.0435217608804
0.40652541046
0.0445222611306
0.406822221951
0.0455227613807
0.407118885
0.0465232616308
0.40741539968
0.0475237618809
0.407711766066
0.0485242621311
0.408007984231
0.0495247623812
0.40830405425
0.0505252626313
0.408599976197
0.0515257628814
0.408895750146
0.0525262631316
0.409191376172
0.0535267633817
0.409486854347
0.0545272636318
0.409782184746
0.0555277638819
0.410077367443
0.0565282641321
0.410372402512
0.0575287643822
0.410667290027
0.0585292646323
0.410962030061
0.0595297648824
0.411256622688
0.0605302651326
0.411551067982
0.0615307653827
0.411845366016
0.0625312656328
0.412139516864
0.0635317658829
0.412433520601
0.0645322661331
0.412727377299
0.0655327663832
0.413021087031
0.0665332666333
0.413314649872
0.0675337668834
0.413608065895
0.0685342671336
0.413901335174
0.0695347673837
0.414194457781
0.0705352676338
0.41448743379
0.0715357678839
0.414780263274
0.0725362681341
0.415072946307
0.0735367683842
0.415365482962
0.0745372686343
0.415657873312
0.0755377688844
0.41595011743
0.0765382691346
0.41624221539
0.0775387693847
0.416534167264
0.0785392696348
0.416825973126
0.0795397698849
0.417117633048
0.0805402701351
0.417409147104
0.0815407703852
0.417700515366
0.0825412706353
0.417991737908
0.0835417708854
0.418282814803
0.0845422711356
0.418573746122
0.0855427713857
0.418864531939
0.0865432716358
0.419155172327
0.0875437718859
0.419445667359
0.0885442721361
0.419736017107
0.0895447723862
0.420026221643
0.0905452726363
0.420316281041
0.0915457728864
0.420606195373
0.0925462731366
0.420895964712
0.0935467733867
0.421185589129
0.0945472736368
0.421475068699
0.0955477738869
0.421764403492
0.0965482741371
0.422053593582
0.0975487743872
0.42234263904
0.0985492746373
0.42263153994
0.0995497748874
0.422920296353
0.100550275138
0.423208908352
0.101550775388
0.423497376009
0.102551275638
0.423785699395
0.103551775888
0.424073878585
0.104552276138
0.424361913648
0.105552776388
0.424649804658
0.106553276638
0.424937551686
0.107553776888
0.425225154805
0.108554277139
0.425512614087
0.109554777389
0.425799929603
0.110555277639
0.426087101425
0.111555777889
0.426374129625
0.112556278139
0.426661014275
0.113556778389
0.426947755448
0.114557278639
0.427234353213
0.115557778889
0.427520807644
0.11655827914
0.427807118812
0.11755877939
0.428093286789
0.11855927964
0.428379311646
0.11955977989
0.428665193455
0.12056028014
0.428950932287
0.12156078039
0.429236528214
0.12256128064
0.429521981307
0.12356178089
0.429807291638
0.124562281141
0.430092459278
0.125562781391
0.430377484299
0.126563281641
0.430662366771
0.127563781891
0.430947106767
0.128564282141
0.431231704357
0.129564782391
0.431516159613
0.130565282641
0.431800472605
0.131565782891
0.432084643406
0.132566283142
0.432368672085
0.133566783392
0.432652558715
0.134567283642
0.432936303366
0.135567783892
0.433219906109
0.136568284142
0.433503367015
0.137568784392
0.433786686155
0.138569284642
0.434069863601
0.139569784892
0.434352899422
0.140570285143
0.43463579369
0.141570785393
0.434918546475
0.142571285643
0.435201157849
0.143571785893
0.435483627882
0.144572286143
0.435765956644
0.145572786393
0.436048144207
0.146573286643
0.436330190641
0.147573786893
0.436612096016
0.148574287144
0.436893860403
0.149574787394
0.437175483873
0.150575287644
0.437456966496
0.151575787894
0.437738308342
0.152576288144
0.438019509482
0.153576788394
0.438300569987
0.154577288644
0.438581489926
0.155577788894
0.43886226937
0.156578289145
0.439142908389
0.157578789395
0.439423407054
0.158579289645
0.439703765434
0.159579789895
0.4399839836
0.160580290145
0.440264061622
0.161580790395
0.44054399957
0.162581290645
0.440823797513
0.163581790895
0.441103455523
0.164582291146
0.441382973669
0.165582791396
0.441662352021
0.166583291646
0.441941590649
0.167583791896
0.442220689623
0.168584292146
0.442499649012
0.169584792396
0.442778468887
0.170585292646
0.443057149316
0.171585792896
0.443335690371
0.172586293147
0.443614092121
0.173586793397
0.443892354634
0.174587293647
0.444170477982
0.175587793897
0.444448462233
0.176588294147
0.444726307458
0.177588794397
0.445004013725
0.178589294647
0.445281581104
0.179589794897
0.445559009665
0.180590295148
0.445836299477
0.181590795398
0.446113450609
0.182591295648
0.446390463131
0.183591795898
0.446667337112
0.184592296148
0.446944072622
0.185592796398
0.447220669729
0.186593296648
0.447497128503
0.187593796898
0.447773449013
0.188594297149
0.448049631328
0.189594797399
0.448325675518
0.190595297649
0.448601581651
0.191595797899
0.448877349797
0.192596298149
0.449152980023
0.193596798399
0.449428472401
0.194597298649
0.449703826998
0.195597798899
0.449979043883
0.19659829915
0.450254123125
0.1975987994
0.450529064793
0.19859929965
0.450803868956
0.1995997999
0.451078535682
0.20060030015
0.451353065041
0.2016008004
0.451627457101
0.20260130065
0.45190171193
0.2036018009
0.452175829598
0.204602301151
0.452449810173
0.205602801401
0.452723653723
0.206603301651
0.452997360317
0.207603801901
0.453270930023
0.208604302151
0.453544362911
0.209604802401
0.453817659048
0.210605302651
0.454090818502
0.211605802901
0.454363841343
0.212606303152
0.454636727638
0.213606803402
0.454909477456
0.214607303652
0.455182090865
0.215607803902
0.455454567933
0.216608304152
0.455726908729
0.217608804402
0.45599911332
0.218609304652
0.456271181775
0.219609804902
0.456543114161
0.220610305153
0.456814910548
0.221610805403
0.457086571002
0.222611305653
0.457358095592
0.223611805903
0.457629484386
0.224612306153
0.457900737451
0.225612806403
0.458171854856
0.226613306653
0.458442836668
0.227613806903
0.458713682956
0.228614307154
0.458984393787
0.229614807404
0.459254969228
0.230615307654
0.459525409348
0.231615807904
0.459795714214
0.232616308154
0.460065883893
0.233616808404
0.460335918454
0.234617308654
0.460605817964
0.235617808904
0.460875582491
0.236618309155
0.461145212101
0.237618809405
0.461414706863
0.238619309655
0.461684066844
0.239619809905
0.461953292112
0.240620310155
0.462222382733
0.241620810405
0.462491338775
0.242621310655
0.462760160305
0.243621810905
0.463028847391
0.244622311156
0.4632974001
0.245622811406
0.463565818499
0.246623311656
0.463834102655
0.247623811906
0.464102252636
0.248624312156
0.464370268508
0.249624812406
0.464638150338
0.250625312656
0.464905898195
0.251625812906
0.465173512143
0.252626313157
0.465440992252
0.253626813407
0.465708338587
0.254627313657
0.465975551215
0.255627813907
0.466242630204
0.256628314157
0.466509575619
0.257628814407
0.466776387529
0.258629314657
0.467043065999
0.259629814907
0.467309611097
0.260630315158
0.467576022889
0.261630815408
0.467842301441
0.262631315658
0.468108446821
0.263631815908
0.468374459096
0.264632316158
0.46864033833
0.265632816408
0.468906084592
0.266633316658
0.469171697948
0.267633816908
0.469437178463
0.268634317159
0.469702526205
0.269634817409
0.469967741241
0.270635317659
0.470232823635
0.271635817909
0.470497773455
0.272636318159
0.470762590767
0.273636818409
0.471027275638
0.274637318659
0.471291828132
0.275637818909
0.471556248318
0.27663831916
0.47182053626
0.27763881941
0.472084692025
0.27863931966
0.47234871568
0.27963981991
0.472612607289
0.28064032016
0.47287636692
0.28164082041
0.473139994638
0.28264132066
0.473403490509
0.28364182091
0.4736668546
0.284642321161
0.473930086975
0.285642821411
0.474193187701
0.286643321661
0.474456156844
0.287643821911
0.47471899447
0.288644322161
0.474981700643
0.289644822411
0.475244275431
0.290645322661
0.475506718899
0.291645822911
0.475769031112
0.292646323162
0.476031212136
0.293646823412
0.476293262037
0.294647323662
0.47655518088
0.295647823912
0.476816968732
0.296648324162
0.477078625656
0.297648824412
0.477340151719
0.298649324662
0.477601546987
0.299649824912
0.477862811524
0.300650325163
0.478123945396
0.301650825413
0.478384948669
0.302651325663
0.478645821407
0.303651825913
0.478906563677
0.304652326163
0.479167175542
0.305652826413
0.47942765707
0.306653326663
0.479688008323
0.307653826913
0.479948229369
0.308654327164
0.480208320272
0.309654827414
0.480468281096
0.310655327664
0.480728111908
0.311655827914
0.480987812772
0.312656328164
0.481247383753
0.313656828414
0.481506824916
0.314657328664
0.481766136326
0.315657828914
0.482025318048
0.316658329165
0.482284370146
0.317658829415
0.482543292687
0.318659329665
0.482802085733
0.319659829915
0.483060749351
0.320660330165
0.483319283604
0.321660830415
0.483577688558
0.322661330665
0.483835964278
0.323661830915
0.484094110827
0.324662331166
0.48435212827
0.325662831416
0.484610016673
0.326663331666
0.484867776099
0.327663831916
0.485125406613
0.328664332166
0.48538290828
0.329664832416
0.485640281164
0.330665332666
0.485897525329
0.331665832916
0.48615464084
0.332666333167
0.486411627761
0.333666833417
0.486668486156
0.334667333667
0.48692521609
0.335667833917
0.487181817627
0.336668334167
0.487438290831
0.337668834417
0.487694635767
0.338669334667
0.487950852497
0.339669834917
0.488206941088
0.340670335168
0.488462901602
0.341670835418
0.488718734104
0.342671335668
0.488974438658
0.343671835918
0.489230015328
0.344672336168
0.489485464177
0.345672836418
0.48974078527
0.346673336668
0.48999597867
0.347673836918
0.490251044442
0.348674337169
0.490505982649
0.349674837419
0.490760793355
0.350675337669
0.491015476624
0.351675837919
0.491270032519
0.352676338169
0.491524461105
0.353676838419
0.491778762444
0.354677338669
0.492032936601
0.355677838919
0.492286983639
0.35667833917
0.492540903622
0.35767883942
0.492794696613
0.35867933967
0.493048362676
0.35967983992
0.493301901874
0.36068034017
0.493555314271
0.36168084042
0.49380859993
0.36268134067
0.494061758915
0.36368184092
0.494314791288
0.364682341171
0.494567697114
0.365682841421
0.494820476455
0.366683341671
0.495073129374
0.367683841921
0.495325655936
0.368684342171
0.495578056203
0.369684842421
0.495830330238
0.370685342671
0.496082478105
0.371685842921
0.496334499866
0.372686343172
0.496586395585
0.373686843422
0.496838165324
0.374687343672
0.497089809147
0.375687843922
0.497341327117
0.376688344172
0.497592719296
0.377688844422
0.497843985748
0.378689344672
0.498095126535
0.379689844922
0.49834614172
0.380690345173
0.498597031366
0.381690845423
0.498847795537
0.382691345673
0.499098434293
0.383691845923
0.499348947699
0.384692346173
0.499599335817
0.385692846423
0.49984959871
0.386693346673
0.50009973644
0.387693846923
0.500349749069
0.388694347174
0.500599636662
0.389694847424
0.500849399279
0.390695347674
0.501099036983
0.391695847924
0.501348549838
0.392696348174
0.501597937905
0.393696848424
0.501847201246
0.394697348674
0.502096339925
0.395697848924
0.502345354004
0.396698349175
0.502594243544
0.397698849425
0.502843008608
0.398699349675
0.503091649259
0.399699849925
0.503340165558
0.400700350175
0.503588557568
0.401700850425
0.503836825351
0.402701350675
0.504084968969
0.403701850925
0.504332988484
0.404702351176
0.504580883959
0.405702851426
0.504828655455
0.406703351676
0.505076303034
0.407703851926
0.505323826758
0.408704352176
0.505571226689
0.409704852426
0.50581850289
0.410705352676
0.506065655421
0.411705852926
0.506312684346
0.412706353177
0.506559589725
0.413706853427
0.50680637162
0.414707353677
0.507053030094
0.415707853927
0.507299565207
0.416708354177
0.507545977023
0.417708854427
0.507792265601
0.418709354677
0.508038431005
0.419709854927
0.508284473295
0.420710355178
0.508530392533
0.421710855428
0.50877618878
0.422711355678
0.509021862099
0.423711855928
0.509267412551
0.424712356178
0.509512840196
0.425712856428
0.509758145097
0.426713356678
0.510003327315
0.427713856928
0.510248386911
0.428714357179
0.510493323947
0.429714857429
0.510738138483
0.430715357679
0.510982830582
0.431715857929
0.511227400304
0.432716358179
0.511471847711
0.433716858429
0.511716172863
0.434717358679
0.511960375822
0.435717858929
0.512204456649
0.43671835918
0.512448415406
0.43771885943
0.512692252152
0.43871935968
0.51293596695
0.43971985993
0.513179559859
0.44072036018
0.513423030942
0.44172086043
0.513666380259
0.44272136068
0.513909607871
0.44372186093
0.514152713838
0.444722361181
0.514395698222
0.445722861431
0.514638561084
0.446723361681
0.514881302483
0.447723861931
0.515123922482
0.448724362181
0.515366421141
0.449724862431
0.515608798519
0.450725362681
0.515851054679
0.451725862931
0.51609318968
0.452726363182
0.516335203584
0.453726863432
0.51657709645
0.454727363682
0.51681886834
0.455727863932
0.517060519314
0.456728364182
0.517302049431
0.457728864432
0.517543458754
0.458729364682
0.517784747342
0.459729864932
0.518025915255
0.460730365183
0.518266962554
0.461730865433
0.5185078893
0.462731365683
0.518748695551
0.463731865933
0.51898938137
0.464732366183
0.519229946816
0.465732866433
0.519470391949
0.466733366683
0.519710716829
0.467733866933
0.519950921517
0.468734367184
0.520191006072
0.469734867434
0.520430970555
0.470735367684
0.520670815026
0.471735867934
0.520910539545
0.472736368184
0.521150144171
0.473736868434
0.521389628965
0.474737368684
0.521628993987
0.475737868934
0.521868239296
0.476738369185
0.522107364953
0.477738869435
0.522346371017
0.478739369685
0.522585257548
0.479739869935
0.522824024606
0.480740370185
0.523062672251
0.481740870435
0.523301200542
0.482741370685
0.523539609539
0.483741870935
0.523777899302
0.484742371186
0.52401606989
0.485742871436
0.524254121363
0.486743371686
0.52449205378
0.487743871936
0.524729867201
0.488744372186
0.524967561687
0.489744872436
0.525205137295
0.490745372686
0.525442594085
0.491745872936
0.525679932118
0.492746373187
0.525917151452
0.493746873437
0.526154252146
0.494747373687
0.526391234261
0.495747873937
0.526628097854
0.496748374187
0.526864842987
0.497748874437
0.527101469717
0.498749374687
0.527337978104
0.499749874937
0.527574368208
0.500750375188
0.527810640087
0.501750875438
0.5280467938
0.502751375688
0.528282829407
0.503751875938
0.528518746967
0.504752376188
0.528754546539
0.505752876438
0.528990228181
0.506753376688
0.529225791953
0.507753876938
0.529461237914
0.508754377189
0.529696566122
0.509754877439
0.529931776636
0.510755377689
0.530166869516
0.511755877939
0.530401844821
0.512756378189
0.530636702608
0.513756878439
0.530871442937
0.514757378689
0.531106065866
0.515757878939
0.531340571455
0.51675837919
0.531574959761
0.51775887944
0.531809230844
0.51875937969
0.532043384762
0.51975987994
0.532277421574
0.52076038019
0.532511341338
0.52176088044
0.532745144114
0.52276138069
0.532978829958
0.52376188094
0.53321239893
0.524762381191
0.533445851089
0.525762881441
0.533679186493
0.526763381691
0.533912405199
0.527763881941
0.534145507267
0.528764382191
0.534378492755
0.529764882441
0.534611361721
0.530765382691
0.534844114224
0.531765882941
0.535076750321
0.532766383192
0.535309270071
0.533766883442
0.535541673532
0.534767383692
0.535773960762
0.535767883942
0.536006131819
0.536768384192
0.536238186762
0.537768884442
0.536470125649
0.538769384692
0.536701948537
0.539769884942
0.536933655484
0.540770385193
0.53716524655
0.541770885443
0.53739672179
0.542771385693
0.537628081265
0.543771885943
0.53785932503
0.544772386193
0.538090453145
0.545772886443
0.538321465666
0.546773386693
0.538552362653
0.547773886943
0.538783144162
0.548774387194
0.539013810252
0.549774887444
0.53924436098
0.550775387694
0.539474796403
0.551775887944
0.53970511658
0.552776388194
0.539935321568
0.553776888444
0.540165411425
0.554777388694
0.540395386209
0.555777888944
0.540625245976
0.556778389195
0.540854990784
0.557778889445
0.541084620691
0.558779389695
0.541314135755
0.559779889945
0.541543536032
0.560780390195
0.541772821581
0.561780890445
0.542001992458
0.562781390695
0.542231048721
0.563781890945
0.542459990427
0.564782391196
0.542688817634
0.565782891446
0.542917530399
0.566783391696
0.543146128779
0.567783891946
0.54337461283
0.568784392196
0.543602982612
0.569784892446
0.543831238179
0.570785392696
0.544059379591
0.571785892946
0.544287406903
0.572786393197
0.544515320173
0.573786893447
0.544743119458
0.574787393697
0.544970804815
0.575787893947
0.545198376301
0.576788394197
0.545425833972
0.577788894447
0.545653177887
0.578789394697
0.545880408101
0.579789894947
0.546107524671
0.580790395198
0.546334527655
0.581790895448
0.546561417108
0.582791395698
0.546788193089
0.583791895948
0.547014855654
0.584792396198
0.547241404858
0.585792896448
0.54746784076
0.586793396698
0.547694163416
0.587793896948
0.547920372882
0.588794397199
0.548146469215
0.589794897449
0.548372452471
0.590795397699
0.548598322708
0.591795897949
0.548824079981
0.592796398199
0.549049724347
0.593796898449
0.549275255863
0.594797398699
0.549500674585
0.595797898949
0.54972598057
0.5967983992
0.549951173873
0.59779889945
0.550176254552
0.5987993997
0.550401222662
0.59979989995
0.55062607826
0.6008004002
0.550850821402
0.60180090045
0.551075452144
0.6028014007
0.551299970543
0.60380190095
0.551524376654
0.604802401201
0.551748670535
0.605802901451
0.55197285224
0.606803401701
0.552196921827
0.607803901951
0.552420879351
0.608804402201
0.552644724868
0.609804902451
0.552868458434
0.610805402701
0.553092080106
0.611805902951
0.553315589938
0.612806403202
0.553538987988
0.613806903452
0.553762274311
0.614807403702
0.553985448963
0.615807903952
0.554208512
0.616808404202
0.554431463477
0.617808904452
0.554654303451
0.618809404702
0.554877031976
0.619809904952
0.55509964911
0.620810405203
0.555322154907
0.621810905453
0.555544549424
0.622811405703
0.555766832715
0.623811905953
0.555989004837
0.624812406203
0.556211065845
0.625812906453
0.556433015795
0.626813406703
0.556654854743
0.627813906953
0.556876582743
0.628814407204
0.557098199851
0.629814907454
0.557319706123
0.630815407704
0.557541101614
0.631815907954
0.55776238638
0.632816408204
0.557983560476
0.633816908454
0.558204623957
0.634817408704
0.558425576878
0.635817908954
0.558646419296
0.636818409205
0.558867151265
0.637818909455
0.55908777284
0.638819409705
0.559308284077
0.639819909955
0.55952868503
0.640820410205
0.559748975756
0.641820910455
0.559969156308
0.642821410705
0.560189226743
0.643821910955
0.560409187115
0.644822411206
0.56062903748
0.645822911456
0.560848777892
0.646823411706
0.561068408406
0.647823911956
0.561287929077
0.648824412206
0.561507339961
0.649824912456
0.561726641111
0.650825412706
0.561945832584
0.651825912956
0.562164914434
0.652826413207
0.562383886715
0.653826913457
0.562602749483
0.654827413707
0.562821502792
0.655827913957
0.563040146697
0.656828414207
0.563258681253
0.657828914457
0.563477106514
0.658829414707
0.563695422535
0.659829914957
0.563913629371
0.660830415208
0.564131727076
0.661830915458
0.564349715705
0.662831415708
0.564567595313
0.663831915958
0.564785365953
0.664832416208
0.565003027681
0.665832916458
0.565220580551
0.666833416708
0.565438024617
0.667833916958
0.565655359934
0.668834417209
0.565872586556
0.669834917459
0.566089704538
0.670835417709
0.566306713934
0.671835917959
0.566523614797
0.672836418209
0.566740407183
0.673836918459
0.566957091146
0.674837418709
0.56717366674
0.675837918959
0.567390134019
0.67683841921
0.567606493037
0.67783891946
0.567822743849
0.67883941971
0.568038886508
0.67983991996
0.568254921069
0.68084042021
0.568470847586
0.68184092046
0.568686666112
0.68284142071
0.568902376702
0.68384192096
0.56911797941
0.684842421211
0.569333474289
0.685842921461
0.569548861395
0.686843421711
0.569764140779
0.687843921961
0.569979312497
0.688844422211
0.570194376603
0.689844922461
0.570409333149
0.690845422711
0.57062418219
0.691845922961
0.57083892378
0.692846423212
0.571053557972
0.693846923462
0.57126808482
0.694847423712
0.571482504378
0.695847923962
0.5716968167
0.696848424212
0.571911021838
0.697848924462
0.572125119847
0.698849424712
0.572339110781
0.699849924962
0.572552994692
0.700850425213
0.572766771634
0.701850925463
0.572980441662
0.702851425713
0.573194004827
0.703851925963
0.573407461184
0.704852426213
0.573620810787
0.705852926463
0.573834053688
0.706853426713
0.57404718994
0.707853926963
0.574260219598
0.708854427214
0.574473142715
0.709854927464
0.574685959343
0.710855427714
0.574898669537
0.711855927964
0.575111273348
0.712856428214
0.575323770832
0.713856928464
0.57553616204
0.714857428714
0.575748447026
0.715857928964
0.575960625842
0.716858429215
0.576172698543
0.717858929465
0.576384665181
0.718859429715
0.576596525809
0.719859929965
0.576808280481
0.720860430215
0.577019929248
0.721860930465
0.577231472165
0.722861430715
0.577442909284
0.723861930965
0.577654240657
0.724862431216
0.577865466339
0.725862931466
0.578076586382
0.726863431716
0.578287600838
0.727863931966
0.57849850976
0.728864432216
0.578709313202
0.729864932466
0.578920011215
0.730865432716
0.579130603853
0.731865932966
0.579341091169
0.732866433217
0.579551473214
0.733866933467
0.579761750043
0.734867433717
0.579971921706
0.735867933967
0.580181988257
0.736868434217
0.580391949749
0.737868934467
0.580601806234
0.738869434717
0.580811557765
0.739869934967
0.581021204393
0.740870435218
0.581230746172
0.741870935468
0.581440183154
0.742871435718
0.581649515391
0.743871935968
0.581858742936
0.744872436218
0.582067865841
0.745872936468
0.582276884158
0.746873436718
0.58248579794
0.747873936968
0.582694607239
0.748874437219
0.582903312107
0.749874937469
0.583111912597
0.750875437719
0.58332040876
0.751875937969
0.583528800649
0.752876438219
0.583737088317
0.753876938469
0.583945271814
0.754877438719
0.584153351194
0.755877938969
0.584361326508
0.75687843922
0.584569197808
0.75787893947
0.584776965146
0.75887943972
0.584984628575
0.75987993997
0.585192188147
0.76088044022
0.585399643912
0.76188094047
0.585606995924
0.76288144072
0.585814244234
0.76388194097
0.586021388893
0.764882441221
0.586228429955
0.765882941471
0.58643536747
0.766883441721
0.58664220149
0.767883941971
0.586848932068
0.768884442221
0.587055559255
0.769884942471
0.587262083102
0.770885442721
0.587468503661
0.771885942971
0.587674820984
0.772886443222
0.587881035123
0.773886943472
0.588087146129
0.774887443722
0.588293154053
0.775887943972
0.588499058948
0.776888444222
0.588704860865
0.777888944472
0.588910559855
0.778889444722
0.58911615597
0.779889944972
0.589321649261
0.780890445223
0.58952703978
0.781890945473
0.589732327577
0.782891445723
0.589937512706
0.783891945973
0.590142595216
0.784892446223
0.590347575159
0.785892946473
0.590552452586
0.786893446723
0.590757227549
0.787893946973
0.590961900099
0.788894447224
0.591166470288
0.789894947474
0.591370938165
0.790895447724
0.591575303783
0.791895947974
0.591779567193
0.792896448224
0.591983728445
0.793896948474
0.592187787592
0.794897448724
0.592391744683
0.795897948974
0.59259559977
0.796898449225
0.592799352904
0.797898949475
0.593003004136
0.798899449725
0.593206553517
0.799899949975
0.593410001098
0.800900450225
0.59361334693
0.801900950475
0.593816591063
0.802901450725
0.594019733549
0.803901950975
0.594222774438
0.804902451226
0.594425713782
0.805902951476
0.59462855163
0.806903451726
0.594831288034
0.807903951976
0.595033923045
0.808904452226
0.595236456712
0.809904952476
0.595438889088
0.810905452726
0.595641220222
0.811905952976
0.595843450165
0.812906453227
0.596045578968
0.813906953477
0.596247606681
0.814907453727
0.596449533355
0.815907953977
0.596651359041
0.816908454227
0.596853083788
0.817908954477
0.597054707648
0.818909454727
0.597256230671
0.819909954977
0.597457652907
0.820910455228
0.597658974407
0.821910955478
0.597860195221
0.822911455728
0.598061315399
0.823911955978
0.598262334992
0.824912456228
0.59846325405
0.825912956478
0.598664072623
0.826913456728
0.598864790762
0.827913956978
0.599065408517
0.828914457229
0.599265925938
0.829914957479
0.599466343075
0.830915457729
0.599666659979
0.831915957979
0.599866876699
0.832916458229
0.600066993285
0.833916958479
0.600267009789
0.834917458729
0.600466926259
0.835917958979
0.600666742746
0.83691845923
0.600866459299
0.83791895948
0.60106607597
0.83891945973
0.601265592807
0.83991995998
0.60146500986
0.84092046023
0.601664327181
0.84192096048
0.601863544817
0.84292146073
0.60206266282
0.84392196098
0.602261681239
0.844922461231
0.602460600124
0.845922961481
0.602659419525
0.846923461731
0.602858139491
0.847923961981
0.603056760072
0.848924462231
0.603255281318
0.849924962481
0.603453703279
0.850925462731
0.603652026004
0.851925962981
0.603850249543
0.852926463232
0.604048373945
0.853926963482
0.60424639926
0.854927463732
0.604444325538
0.855927963982
0.604642152828
0.856928464232
0.604839881179
0.857928964482
0.605037510642
0.858929464732
0.605235041265
0.859929964982
0.605432473098
0.860930465233
0.605629806191
0.861930965483
0.605827040592
0.862931465733
0.606024176352
0.863931965983
0.606221213519
0.864932466233
0.606418152143
0.865932966483
0.606614992273
0.866933466733
0.606811733958
0.867933966983
0.607008377248
0.868934467234
0.607204922191
0.869934967484
0.607401368838
0.870935467734
0.607597717236
0.871935967984
0.607793967436
0.872936468234
0.607990119486
0.873936968484
0.608186173436
0.874937468734
0.608382129334
0.875937968984
0.60857798723
0.876938469235
0.608773747172
0.877938969485
0.60896940921
0.878939469735
0.609164973392
0.879939969985
0.609360439768
0.880940470235
0.609555808386
0.881940970485
0.609751079296
0.882941470735
0.609946252545
0.883941970985
0.610141328184
0.884942471236
0.61033630626
0.885942971486
0.610531186823
0.886943471736
0.610725969922
0.887943971986
0.610920655604
0.888944472236
0.611115243919
0.889944972486
0.611309734916
0.890945472736
0.611504128643
0.891945972986
0.611698425149
0.892946473237
0.611892624482
0.893946973487
0.612086726691
0.894947473737
0.612280731825
0.895947973987
0.612474639932
0.896948474237
0.612668451061
0.897948974487
0.61286216526
0.898949474737
0.613055782577
0.899949974987
0.613249303062
0.900950475238
0.613442726763
0.901950975488
0.613636053727
0.902951475738
0.613829284004
0.903951975988
0.614022417641
0.904952476238
0.614215454687
0.905952976488
0.614408395191
0.906953476738
0.614601239201
0.907953976988
0.614793986764
0.908954477239
0.614986637929
0.909954977489
0.615179192745
0.910955477739
0.615371651259
0.911955977989
0.61556401352
0.912956478239
0.615756279576
0.913956978489
0.615948449475
0.914957478739
0.616140523264
0.915957978989
0.616332500993
0.91695847924
0.616524382709
0.91795897949
0.61671616846
0.91895947974
0.616907858294
0.91995997999
0.61709945226
0.92096048024
0.617290950404
0.92196098049
0.617482352775
0.92296148074
0.617673659422
0.92396198099
0.617864870391
0.924962481241
0.61805598573
0.925962981491
0.618247005489
0.926963481741
0.618437929713
0.927963981991
0.618628758451
0.928964482241
0.618819491751
0.929964982491
0.619010129661
0.930965482741
0.619200672228
0.931965982991
0.6193911195
0.932966483242
0.619581471524
0.933966983492
0.619771728348
0.934967483742
0.619961890021
0.935967983992
0.620151956588
0.936968484242
0.620341928099
0.937968984492
0.6205318046
0.938969484742
0.620721586139
0.939969984992
0.620911272764
0.940970485243
0.621100864521
0.941970985493
0.621290361459
0.942971485743
0.621479763625
0.943971985993
0.621669071066
0.944972486243
0.62185828383
0.945972986493
0.622047401964
0.946973486743
0.622236425515
0.947973986993
0.62242535453
0.948974487244
0.622614189058
0.949974987494
0.622802929144
0.950975487744
0.622991574837
0.951975987994
0.623180126184
0.952976488244
0.623368583231
0.953976988494
0.623556946026
0.954977488744
0.623745214616
0.955977988994
0.623933389049
0.956978489245
0.62412146937
0.957978989495
0.624309455628
0.958979489745
0.62449734787
0.959979989995
0.624685146141
0.960980490245
0.62487285049
0.961980990495
0.625060460964
0.962981490745
0.625247977609
0.963981990995
0.625435400472
0.964982491246
0.6256227296
0.965982991496
0.62580996504
0.966983491746
0.625997106839
0.967983991996
0.626184155044
0.968984492246
0.626371109701
0.969984992496
0.626557970858
0.970985492746
0.62674473856
0.971985992996
0.626931412856
0.972986493247
0.62711799379
0.973986993497
0.627304481412
0.974987493747
0.627490875766
0.975987993997
0.627677176899
0.976988494247
0.627863384859
0.977988994497
0.628049499691
0.978989494747
0.628235521443
0.979989994997
0.62842145016
0.980990495248
0.62860728589
0.981990995498
0.628793028679
0.982991495748
0.628978678574
0.983991995998
0.62916423562
0.984992496248
0.629349699864
0.985992996498
0.629535071353
0.986993496748
0.629720350133
0.987993996998
0.629905536251
0.988994497249
0.630090629752
0.989994997499
0.630275630684
0.990995497749
0.630460539092
0.991995997999
0.630645355022
0.992996498249
0.630830078522
0.993996998499
0.631014709636
0.994997498749
0.631199248412
0.995997998999
0.631383694896
0.99699849925
0.631568049133
0.9979989995
0.63175231117
0.99899949975
0.631936481053
1.0
0.632120558829