2001 2 1
-1.0 1.0
-0.841470984808
-0.999 1.0
-0.840930261857
-0.998 1.0
-0.840388697975
-0.997 1.0
-0.839846293705
-0.996 1.0
-0.839303049589
-0.995 1.0
-0.838758966169
-0.994 1.0
-0.838214043991
-0.993 1.0
-0.837668283599
-0.992 1.0
-0.837121685539
-0.991 1.0
-0.836574250357
-0.99 1.0
-0.836025978601
-0.989 1.0
-0.835476870818
-0.988 1.0
-0.83492692756
-0.987 1.0
-0.834376149374
-0.986 1.0
-0.833824536812
-0.985 1.0
-0.833272090426
-0.984 1.0
-0.832718810767
-0.983 1.0
-0.83216469839
-0.982 1.0
-0.831609753849
-0.981 1.0
-0.831053977697
-0.98 1.0
-0.830497370492
-0.979 1.0
-0.829939932789
-0.978 1.0
-0.829381665147
-0.977 1.0
-0.828822568123
-0.976 1.0
-0.828262642276
-0.975 1.0
-0.827701888167
-0.974 1.0
-0.827140306356
-0.973 1.0
-0.826577897405
-0.972 1.0
-0.826014661876
-0.971 1.0
-0.825450600333
-0.97 1.0
-0.824885713338
-0.969 1.0
-0.824320001459
-0.968 1.0
-0.823753465259
-0.967 1.0
-0.823186105306
-0.966 1.0
-0.822617922167
-0.965 1.0
-0.82204891641
-0.964 1.0
-0.821479088604
-0.963 1.0
-0.820908439319
-0.962 1.0
-0.820336969126
-0.961 1.0
-0.819764678596
-0.96 1.0
-0.819191568301
-0.959 1.0
-0.818617638815
-0.958 1.0
-0.818042890711
-0.957 1.0
-0.817467324564
-0.956 1.0
-0.81689094095
-0.955 1.0
-0.816313740446
-0.954 1.0
-0.815735723627
-0.953 1.0
-0.815156891073
-0.952 1.0
-0.814577243362
-0.951 1.0
-0.813996781074
-0.95 1.0
-0.813415504789
-0.949 1.0
-0.812833415089
-0.948 1.0
-0.812250512556
-0.947 1.0
-0.811666797772
-0.946 1.0
-0.811082271321
-0.945 1.0
-0.810496933788
-0.944 1.0
-0.809910785758
-0.943 1.0
-0.809323827817
-0.942 1.0
-0.808736060553
-0.941 1.0
-0.808147484553
-0.94 1.0
-0.807558100405
-0.939 1.0
-0.806967908699
-0.938 1.0
-0.806376910026
-0.937 1.0
-0.805785104975
-0.936 1.0
-0.80519249414
-0.935 1.0
-0.804599078112
-0.934 1.0
-0.804004857485
-0.933 1.0
-0.803409832853
-0.932 1.0
-0.802814004812
-0.931 1.0
-0.802217373956
-0.93 1.0
-0.801619940884
-0.929 1.0
-0.801021706191
-0.928 1.0
-0.800422670477
-0.927 1.0
-0.79982283434
-0.926 1.0
-0.799222198381
-0.925 1.0
-0.798620763199
-0.924 1.0
-0.798018529396
-0.923 1.0
-0.797415497576
-0.922 1.0
-0.796811668339
-0.921 1.0
-0.796207042291
-0.92 1.0
-0.795601620036
-0.919 1.0
-0.79499540218
-0.918 1.0
-0.794388389328
-0.917 1.0
-0.793780582088
-0.916 1.0
-0.793171981067
-0.915 1.0
-0.792562586875
-0.914 1.0
-0.79195240012
-0.913 1.0
-0.791341421412
-0.912 1.0
-0.790729651364
-0.911 1.0
-0.790117090585
-0.91 1.0
-0.78950373969
-0.909 1.0
-0.788889599291
-0.908 1.0
-0.788274670002
-0.907 1.0
-0.787658952439
-0.906 1.0
-0.787042447217
-0.905 1.0
-0.786425154953
-0.904 1.0
-0.785807076263
-0.903 1.0
-0.785188211767
-0.902 1.0
-0.784568562082
-0.901 1.0
-0.783948127829
-0.9 1.0
-0.783326909627
-0.899 1.0
-0.782704908099
-0.898 1.0
-0.782082123866
-0.897 1.0
-0.781458557551
-0.896 1.0
-0.780834209778
-0.895 1.0
-0.78020908117
-0.894 1.0
-0.779583172354
-0.893 1.0
-0.778956483954
-0.892 1.0
-0.778329016598
-0.891 1.0
-0.777700770913
-0.89 1.0
-0.777071747527
-0.889 1.0
-0.776441947069
-0.888 1.0
-0.77581137017
-0.887 1.0
-0.775180017459
-0.886 1.0
-0.774547889569
-0.885 1.0
-0.77391498713
-0.884 1.0
-0.773281310777
-0.883 1.0
-0.772646861142
-0.882 1.0
-0.772011638861
-0.881 1.0
-0.771375644568
-0.88 1.0
-0.770738878899
-0.879 1.0
-0.770101342492
-0.878 1.0
-0.769463035983
-0.877 1.0
-0.768823960011
-0.876 1.0
-0.768184115216
-0.875 1.0
-0.767543502236
-0.874 1.0
-0.766902121713
-0.873 1.0
-0.766259974288
-0.872 1.0
-0.765617060603
-0.871 1.0
-0.764973381301
-0.87 1.0
-0.764328937026
-0.869 1.0
-0.763683728421
-0.868 1.0
-0.763037756133
-0.867 1.0
-0.762391020808
-0.866 1.0
-0.761743523091
-0.865 1.0
-0.761095263631
-0.864 1.0
-0.760446243076
-0.863 1.0
-0.759796462075
-0.862 1.0
-0.759145921277
-0.861 1.0
-0.758494621333
-0.86 1.0
-0.757842562895
-0.859 1.0
-0.757189746615
-0.858 1.0
-0.756536173144
-0.857 1.0
-0.755881843138
-0.856 1.0
-0.75522675725
-0.855 1.0
-0.754570916135
-0.854 1.0
-0.753914320449
-0.853 1.0
-0.753256970849
-0.852 1.0
-0.752598867992
-0.851 1.0
-0.751940012536
-0.85 1.0
-0.75128040514
-0.849 1.0
-0.750620046464
-0.848 1.0
-0.749958937168
-0.847 1.0
-0.749297077913
-0.846 1.0
-0.748634469361
-0.845 1.0
-0.747971112175
-0.844 1.0
-0.747307007018
-0.843 1.0
-0.746642154553
-0.842 1.0
-0.745976555447
-0.841 1.0
-0.745310210364
-0.84 1.0
-0.744643119971
-0.839 1.0
-0.743975284935
-0.838 1.0
-0.743306705923
-0.837 1.0
-0.742637383605
-0.836 1.0
-0.74196731865
-0.835 1.0
-0.741296511728
-0.834 1.0
-0.740624963508
-0.833 1.0
-0.739952674665
-0.832 1.0
-0.739279645868
-0.831 1.0
-0.738605877792
-0.83 1.0
-0.73793137111
-0.829 1.0
-0.737256126497
-0.828 1.0
-0.736580144627
-0.827 1.0
-0.735903426178
-0.826 1.0
-0.735225971825
-0.825 1.0
-0.734547782247
-0.824 1.0
-0.73386885812
-0.823 1.0
-0.733189200125
-0.822 1.0
-0.732508808941
-0.821 1.0
-0.731827685248
-0.82 1.0
-0.731145829727
-0.819 1.0
-0.73046324306
-0.818 1.0
-0.729779925931
-0.817 1.0
-0.729095879021
-0.816 1.0
-0.728411103016
-0.815 1.0
-0.7277255986
-0.814 1.0
-0.727039366458
-0.813 1.0
-0.726352407276
-0.812 1.0
-0.725664721743
-0.811 1.0
-0.724976310545
-0.81 1.0
-0.72428717437
-0.809 1.0
-0.723597313909
-0.808 1.0
-0.72290672985
-0.807 1.0
-0.722215422884
-0.806 1.0
-0.721523393703
-0.805 1.0
-0.720830642999
-0.804 1.0
-0.720137171464
-0.803 1.0
-0.719442979792
-0.802 1.0
-0.718748068678
-0.801 1.0
-0.718052438815
-0.8 1.0
-0.7173560909
-0.799 1.0
-0.716659025628
-0.798 1.0
-0.715961243698
-0.797 1.0
-0.715262745807
-0.796 1.0
-0.714563532653
-0.795 1.0
-0.713863604935
-0.794 1.0
-0.713162963354
-0.793 1.0
-0.71246160861
-0.792 1.0
-0.711759541404
-0.791 1.0
-0.711056762439
-0.79 1.0
-0.710353272418
-0.789 1.0
-0.709649072043
-0.788 1.0
-0.708944162019
-0.787 1.0
-0.708238543051
-0.786 1.0
-0.707532215844
-0.785 1.0
-0.706825181105
-0.784 1.0
-0.706117439542
-0.783 1.0
-0.70540899186
-0.782 1.0
-0.70469983877
-0.781 1.0
-0.70398998098
-0.78 1.0
-0.7032794192
-0.779 1.0
-0.702568154141
-0.778 1.0
-0.701856186514
-0.777 1.0
-0.70114351703
-0.776 1.0
-0.700430146404
-0.775 1.0
-0.699716075347
-0.774 1.0
-0.699001304574
-0.773 1.0
-0.698285834799
-0.772 1.0
-0.697569666739
-0.771 1.0
-0.69685280111
-0.77 1.0
-0.696135238627
-0.769 1.0
-0.69541698001
-0.768 1.0
-0.694698025975
-0.767 1.0
-0.693978377243
-0.766 1.0
-0.693258034532
-0.765 1.0
-0.692536998563
-0.764 1.0
-0.691815270058
-0.763 1.0
-0.691092849737
-0.762 1.0
-0.690369738323
-0.761 1.0
-0.68964593654
-0.76 1.0
-0.688921445111
-0.759 1.0
-0.68819626476
-0.758 1.0
-0.687470396213
-0.757 1.0
-0.686743840196
-0.756 1.0
-0.686016597435
-0.755 1.0
-0.685288668657
-0.754 1.0
-0.684560054591
-0.753 1.0
-0.683830755965
-0.752 1.0
-0.683100773508
-0.751 1.0
-0.682370107951
-0.75 1.0
-0.681638760023
-0.749 1.0
-0.680906730457
-0.748 1.0
-0.680174019984
-0.747 1.0
-0.679440629337
-0.746 1.0
-0.67870655925
-0.745 1.0
-0.677971810456
-0.744 1.0
-0.67723638369
-0.743 1.0
-0.676500279688
-0.742 1.0
-0.675763499186
-0.741 1.0
-0.67502604292
-0.74 1.0
-0.674287911628
-0.739 1.0
-0.673549106049
-0.738 1.0
-0.67280962692
-0.737 1.0
-0.672069474982
-0.736 1.0
-0.671328650974
-0.735 1.0
-0.670587155638
-0.734 1.0
-0.669844989715
-0.733 1.0
-0.669102153946
-0.732 1.0
-0.668358649076
-0.731 1.0
-0.667614475847
-0.73 1.0
-0.666869635004
-0.729 1.0
-0.666124127291
-0.728 1.0
-0.665377953454
-0.727 1.0
-0.664631114239
-0.726 1.0
-0.663883610393
-0.725 1.0
-0.663135442663
-0.724 1.0
-0.662386611798
-0.723 1.0
-0.661637118547
-0.722 1.0
-0.660886963658
-0.721 1.0
-0.660136147883
-0.72 1.0
-0.659384671971
-0.719 1.0
-0.658632536675
-0.718 1.0
-0.657879742747
-0.717 1.0
-0.657126290938
-0.716 1.0
-0.656372182004
-0.715 1.0
-0.655617416697
-0.714 1.0
-0.654861995773
-0.713 1.0
-0.654105919987
-0.712 1.0
-0.653349190095
-0.711 1.0
-0.652591806854
-0.71 1.0
-0.651833771022
-0.709 1.0
-0.651075083355
-0.708 1.0
-0.650315744614
-0.707 1.0
-0.649555755556
-0.706 1.0
-0.648795116944
-0.705 1.0
-0.648033829536
-0.704 1.0
-0.647271894094
-0.703 1.0
-0.64650931138
-0.702 1.0
-0.645746082158
-0.701 1.0
-0.644982207189
-0.7 1.0
-0.644217687238
-0.699 1.0
-0.643452523069
-0.698 1.0
-0.642686715448
-0.697 1.0
-0.64192026514
-0.696 1.0
-0.641153172912
-0.695 1.0
-0.640385439531
-0.694 1.0
-0.639617065765
-0.693 1.0
-0.638848052381
-0.692 1.0
-0.63807840015
-0.691 1.0
-0.63730810984
-0.69 1.0
-0.636537182222
-0.689 1.0
-0.635765618067
-0.688 1.0
-0.634993418146
-0.687 1.0
-0.634220583232
-0.686 1.0
-0.633447114098
-0.685 1.0
-0.632673011516
-0.684 1.0
-0.631898276262
-0.683 1.0
-0.631122909109
-0.682 1.0
-0.630346910834
-0.681 1.0
-0.629570282211
-0.68 1.0
-0.628793024018
-0.679 1.0
-0.628015137033
-0.678 1.0
-0.627236622032
-0.677 1.0
-0.626457479795
-0.676 1.0
-0.6256777111
-0.675 1.0
-0.624897316728
-0.674 1.0
-0.624116297458
-0.673 1.0
-0.623334654072
-0.672 1.0
-0.622552387352
-0.671 1.0
-0.621769498079
-0.67 1.0
-0.620985987037
-0.669 1.0
-0.620201855008
-0.668 1.0
-0.619417102778
-0.667 1.0
-0.618631731131
-0.666 1.0
-0.617845740853
-0.665 1.0
-0.617059132728
-0.664 1.0
-0.616271907545
-0.663 1.0
-0.615484066089
-0.662 1.0
-0.61469560915
-0.661 1.0
-0.613906537515
-0.66 1.0
-0.613116851973
-0.659 1.0
-0.612326553315
-0.658 1.0
-0.61153564233
-0.657 1.0
-0.61074411981
-0.656 1.0
-0.609951986546
-0.655 1.0
-0.609159243329
-0.654 1.0
-0.608365890954
-0.653 1.0
-0.607571930213
-0.652 1.0
-0.606777361899
-0.651 1.0
-0.605982186809
-0.65 1.0
-0.605186405736
-0.649 1.0
-0.604390019477
-0.648 1.0
-0.603593028828
-0.647 1.0
-0.602795434586
-0.646 1.0
-0.601997237549
-0.645 1.0
-0.601198438514
-0.644 1.0
-0.600399038281
-0.643 1.0
-0.599599037649
-0.642 1.0
-0.598798437418
-0.641 1.0
-0.597997238389
-0.64 1.0
-0.597195441362
-0.639 1.0
-0.59639304714
-0.638 1.0
-0.595590056526
-0.637 1.0
-0.594786470321
-0.636 1.0
-0.593982289329
-0.635 1.0
-0.593177514356
-0.634 1.0
-0.592372146205
-0.633 1.0
-0.591566185682
-0.632 1.0
-0.590759633592
-0.631 1.0
-0.589952490744
-0.63 1.0
-0.589144757942
-0.629 1.0
-0.588336435996
-0.628 1.0
-0.587527525714
-0.627 1.0
-0.586718027904
-0.626 1.0
-0.585907943376
-0.625 1.0
-0.58509727294
-0.624 1.0
-0.584286017408
-0.623 1.0
-0.583474177589
-0.622 1.0
-0.582661754296
-0.621 1.0
-0.581848748341
-0.62 1.0
-0.581035160537
-0.619 1.0
-0.580220991699
-0.618 1.0
-0.579406242639
-0.617 1.0
-0.578590914174
-0.616 1.0
-0.577775007117
-0.615 1.0
-0.576958522285
-0.614 1.0
-0.576141460495
-0.613 1.0
-0.575323822564
-0.612 1.0
-0.574505609309
-0.611 1.0
-0.573686821548
-0.61 1.0
-0.5728674601
-0.609 1.0
-0.572047525786
-0.608 1.0
-0.571227019423
-0.607 1.0
-0.570405941834
-0.606 1.0
-0.569584293838
-0.605 1.0
-0.568762076259
-0.604 1.0
-0.567939289917
-0.603 1.0
-0.567115935637
-0.602 1.0
-0.56629201424
-0.601 1.0
-0.565467526551
-0.6 1.0
-0.564642473395
-0.599 1.0
-0.563816855596
-0.598 1.0
-0.562990673981
-0.597 1.0
-0.562163929375
-0.596 1.0
-0.561336622605
-0.595 1.0
-0.560508754499
-0.594 1.0
-0.559680325884
-0.593 1.0
-0.558851337588
-0.592 1.0
-0.558021790441
-0.591 1.0
-0.557191685273
-0.59 1.0
-0.556361022913
-0.589 1.0
-0.555529804192
-0.588 1.0
-0.554698029941
-0.587 1.0
-0.553865700992
-0.586 1.0
-0.553032818177
-0.585 1.0
-0.55219938233
-0.584 1.0
-0.551365394284
-0.583 1.0
-0.550530854872
-0.582 1.0
-0.549695764929
-0.581 1.0
-0.54886012529
-0.58 1.0
-0.548023936792
-0.579 1.0
-0.547187200269
-0.578 1.0
-0.54634991656
-0.577 1.0
-0.5455120865
-0.576 1.0
-0.544673710929
-0.575 1.0
-0.543834790684
-0.574 1.0
-0.542995326604
-0.573 1.0
-0.542155319529
-0.572 1.0
-0.541314770298
-0.571 1.0
-0.540473679753
-0.57 1.0
-0.539632048734
-0.569 1.0
-0.538789878083
-0.568 1.0
-0.537947168642
-0.567 1.0
-0.537103921255
-0.566 1.0
-0.536260136763
-0.565 1.0
-0.535415816011
-0.564 1.0
-0.534570959844
-0.563 1.0
-0.533725569105
-0.562 1.0
-0.532879644641
-0.561 1.0
-0.532033187298
-0.56 1.0
-0.531186197921
-0.559 1.0
-0.530338677358
-0.558 1.0
-0.529490626456
-0.557 1.0
-0.528642046064
-0.556 1.0
-0.52779293703
-0.555 1.0
-0.526943300203
-0.554 1.0
-0.526093136433
-0.553 1.0
-0.52524244657
-0.552 1.0
-0.524391231464
-0.551 1.0
-0.523539491967
-0.55 1.0
-0.522687228931
-0.549 1.0
-0.521834443207
-0.548 1.0
-0.520981135649
-0.547 1.0
-0.52012730711
-0.546 1.0
-0.519272958444
-0.545 1.0
-0.518418090505
-0.544 1.0
-0.517562704147
-0.543 1.0
-0.516706800227
-0.542 1.0
-0.515850379601
-0.541 1.0
-0.514993443124
-0.54 1.0
-0.514135991653
-0.539 1.0
-0.513278026047
-0.538 1.0
-0.512419547162
-0.537 1.0
-0.511560555858
-0.536 1.0
-0.510701052994
-0.535 1.0
-0.509841039429
-0.534 1.0
-0.508980516022
-0.533 1.0
-0.508119483635
-0.532 1.0
-0.507257943129
-0.531 1.0
-0.506395895365
-0.53 1.0
-0.505533341205
-0.529 1.0
-0.504670281511
-0.528 1.0
-0.503806717148
-0.527 1.0
-0.502942648978
-0.526 1.0
-0.502078077865
-0.525 1.0
-0.501213004674
-0.524 1.0
-0.50034743027
-0.523 1.0
-0.499481355519
-0.522 1.0
-0.498614781286
-0.521 1.0
-0.497747708439
-0.52 1.0
-0.496880137844
-0.519 1.0
-0.496012070369
-0.518 1.0
-0.495143506882
-0.517 1.0
-0.494274448251
-0.516 1.0
-0.493404895346
-0.515 1.0
-0.492534849036
-0.514 1.0
-0.491664310191
-0.513 1.0
-0.490793279683
-0.512 1.0
-0.48992175838
-0.511 1.0
-0.489049747156
-0.51 1.0
-0.488177246883
-0.509 1.0
-0.487304258432
-0.508 1.0
-0.486430782677
-0.507 1.0
-0.485556820491
-0.506 1.0
-0.484682372749
-0.505 1.0
-0.483807440324
-0.504 1.0
-0.482932024092
-0.503 1.0
-0.482056124927
-0.502 1.0
-0.481179743707
-0.501 1.0
-0.480302881307
-0.5 1.0
-0.479425538604
-0.499 1.0
-0.478547716476
-0.498 1.0
-0.4776694158
-0.497 1.0
-0.476790637454
-0.496 1.0
-0.475911382318
-0.495 1.0
-0.475031651271
-0.494 1.0
-0.474151445192
-0.493 1.0
-0.473270764962
-0.492 1.0
-0.47238961146
-0.491 1.0
-0.47150798557
-0.49 1.0
-0.470625888171
-0.489 1.0
-0.469743320147
-0.488 1.0
-0.468860282379
-0.487 1.0
-0.467976775751
-0.486 1.0
-0.467092801146
-0.485 1.0
-0.466208359449
-0.484 1.0
-0.465323451543
-0.483 1.0
-0.464438078314
-0.482 1.0
-0.463552240646
-0.481 1.0
-0.462665939427
-0.48 1.0
-0.461779175541
-0.479 1.0
-0.460891949877
-0.478 1.0
-0.460004263321
-0.477 1.0
-0.45911611676
-0.476 1.0
-0.458227511083
-0.475 1.0
-0.457338447179
-0.474 1.0
-0.456448925936
-0.473 1.0
-0.455558948245
-0.472 1.0
-0.454668514994
-0.471 1.0
-0.453777627076
-0.47 1.0
-0.452886285379
-0.469 1.0
-0.451994490796
-0.468 1.0
-0.451102244219
-0.467 1.0
-0.45020954654
-0.466 1.0
-0.449316398651
-0.465 1.0
-0.448422801446
-0.464 1.0
-0.447528755818
-0.463 1.0
-0.446634262661
-0.462 1.0
-0.44573932287
-0.461 1.0
-0.44484393734
-0.46 1.0
-0.443948106966
-0.459 1.0
-0.443051832643
-0.458 1.0
-0.442155115269
-0.457 1.0
-0.44125795574
-0.456 1.0
-0.440360354953
-0.455 1.0
-0.439462313806
-0.454 1.0
-0.438563833196
-0.453 1.0
-0.437664914023
-0.452 1.0
-0.436765557185
-0.451 1.0
-0.435865763581
-0.45 1.0
-0.434965534111
-0.449 1.0
-0.434064869676
-0.448 1.0
-0.433163771176
-0.447 1.0
-0.432262239513
-0.446 1.0
-0.431360275587
-0.445 1.0
-0.430457880301
-0.444 1.0
-0.429555054557
-0.443 1.0
-0.428651799258
-0.442 1.0
-0.427748115307
-0.441 1.0
-0.426844003609
-0.44 1.0
-0.425939465066
-0.439 1.0
-0.425034500584
-0.438 1.0
-0.424129111067
-0.437 1.0
-0.423223297422
-0.436 1.0
-0.422317060553
-0.435 1.0
-0.421410401367
-0.434 1.0
-0.42050332077
-0.433 1.0
-0.419595819671
-0.432 1.0
-0.418687898975
-0.431 1.0
-0.417779559592
-0.43 1.0
-0.416870802429
-0.429 1.0
-0.415961628396
-0.428 1.0
-0.4150520384
-0.427 1.0
-0.414142033353
-0.426 1.0
-0.413231614164
-0.425 1.0
-0.412320781743
-0.424 1.0
-0.411409537002
-0.423 1.0
-0.410497880851
-0.422 1.0
-0.409585814202
-0.421 1.0
-0.408673337967
-0.42 1.0
-0.40776045306
-0.419 1.0
-0.406847160391
-0.418 1.0
-0.405933460876
-0.417 1.0
-0.405019355427
-0.416 1.0
-0.404104844959
-0.415 1.0
-0.403189930386
-0.414 1.0
-0.402274612623
-0.413 1.0
-0.401358892585
-0.412 1.0
-0.400442771189
-0.411 1.0
-0.39952624935
-0.41 1.0
-0.398609327984
-0.409 1.0
-0.39769200801
-0.408 1.0
-0.396774290343
-0.407 1.0
-0.395856175902
-0.406 1.0
-0.394937665605
-0.405 1.0
-0.394018760371
-0.404 1.0
-0.393099461117
-0.403 1.0
-0.392179768765
-0.402 1.0
-0.391259684232
-0.401 1.0
-0.39033920844
-0.4 1.0
-0.389418342309
-0.399 1.0
-0.388497086759
-0.398 1.0
-0.387575442712
-0.397 1.0
-0.38665341109
-0.396 1.0
-0.385730992815
-0.395 1.0
-0.384808188808
-0.394 1.0
-0.383884999994
-0.393 1.0
-0.382961427294
-0.392 1.0
-0.382037471633
-0.391 1.0
-0.381113133935
-0.39 1.0
-0.380188415123
-0.389 1.0
-0.379263316123
-0.388 1.0
-0.37833783786
-0.387 1.0
-0.377411981259
-0.386 1.0
-0.376485747246
-0.385 1.0
-0.375559136748
-0.384 1.0
-0.37463215069
-0.383 1.0
-0.37370479
-0.382 1.0
-0.372777055605
-0.381 1.0
-0.371848948434
-0.38 1.0
-0.370920469413
-0.379 1.0
-0.369991619472
-0.378 1.0
-0.369062399539
-0.377 1.0
-0.368132810544
-0.376 1.0
-0.367202853417
-0.375 1.0
-0.366272529086
-0.374 1.0
-0.365341838483
-0.373 1.0
-0.364410782538
-0.372 1.0
-0.363479362182
-0.371 1.0
-0.362547578347
-0.37 1.0
-0.361615431965
-0.369 1.0
-0.360682923967
-0.368 1.0
-0.359750055286
-0.367 1.0
-0.358816826855
-0.366 1.0
-0.357883239608
-0.365 1.0
-0.356949294477
-0.364 1.0
-0.356014992397
-0.363 1.0
-0.355080334302
-0.362 1.0
-0.354145321126
-0.361 1.0
-0.353209953806
-0.36 1.0
-0.352274233275
-0.359 1.0
-0.35133816047
-0.358 1.0
-0.350401736327
-0.357 1.0
-0.349464961783
-0.356 1.0
-0.348527837773
-0.355 1.0
-0.347590365236
-0.354 1.0
-0.346652545108
-0.353 1.0
-0.345714378328
-0.352 1.0
-0.344775865833
-0.351 1.0
-0.343837008563
-0.35 1.0
-0.342897807455
-0.349 1.0
-0.34195826345
-0.348 1.0
-0.341018377487
-0.347 1.0
-0.340078150505
-0.346 1.0
-0.339137583445
-0.345 1.0
-0.338196677248
-0.344 1.0
-0.337255432854
-0.343 1.0
-0.336313851204
-0.342 1.0
-0.335371933241
-0.341 1.0
-0.334429679906
-0.34 1.0
-0.333487092141
-0.339 1.0
-0.332544170889
-0.338 1.0
-0.331600917093
-0.337 1.0
-0.330657331696
-0.336 1.0
-0.329713415642
-0.335 1.0
-0.328769169874
-0.334 1.0
-0.327824595337
-0.333 1.0
-0.326879692976
-0.332 1.0
-0.325934463735
-0.331 1.0
-0.324988908559
-0.33 1.0
-0.324043028395
-0.329 1.0
-0.323096824188
-0.328 1.0
-0.322150296883
-0.327 1.0
-0.321203447429
-0.326 1.0
-0.320256276771
-0.325 1.0
-0.319308785857
-0.324 1.0
-0.318360975634
-0.323 1.0
-0.31741284705
-0.322 1.0
-0.316464401054
-0.321 1.0
-0.315515638593
-0.32 1.0
-0.314566560616
-0.319 1.0
-0.313617168073
-0.318 1.0
-0.312667461913
-0.317 1.0
-0.311717443085
-0.316 1.0
-0.31076711254
-0.315 1.0
-0.309816471228
-0.314 1.0
-0.308865520099
-0.313 1.0
-0.307914260105
-0.312 1.0
-0.306962692196
-0.311 1.0
-0.306010817325
-0.31 1.0
-0.305058636443
-0.309 1.0
-0.304106150503
-0.308 1.0
-0.303153360456
-0.307 1.0
-0.302200267256
-0.306 1.0
-0.301246871856
-0.305 1.0
-0.300293175209
-0.304 1.0
-0.299339178269
-0.303 1.0
-0.29838488199
-0.302 1.0
-0.297430287326
-0.301 1.0
-0.296475395231
-0.3 1.0
-0.295520206661
-0.299 1.0
-0.294564722571
-0.298 1.0
-0.293608943917
-0.297 1.0
-0.292652871653
-0.296 1.0
-0.291696506737
-0.295 1.0
-0.290739850124
-0.294 1.0
-0.289782902771
-0.293 1.0
-0.288825665635
-0.292 1.0
-0.287868139674
-0.291 1.0
-0.286910325845
-0.29 1.0
-0.285952225105
-0.289 1.0
-0.284993838413
-0.288 1.0
-0.284035166727
-0.287 1.0
-0.283076211006
-0.286 1.0
-0.282116972209
-0.285 1.0
-0.281157451295
-0.284 1.0
-0.280197649224
-0.283 1.0
-0.279237566955
-0.282 1.0
-0.278277205448
-0.281 1.0
-0.277316565664
-0.28 1.0
-0.276355648564
-0.279 1.0
-0.275394455108
-0.278 1.0
-0.274432986258
-0.277 1.0
-0.273471242974
-0.276 1.0
-0.27250922622
-0.275 1.0
-0.271546936956
-0.274 1.0
-0.270584376145
-0.273 1.0
-0.26962154475
-0.272 1.0
-0.268658443734
-0.271 1.0
-0.267695074059
-0.27 1.0
-0.266731436689
-0.269 1.0
-0.265767532587
-0.268 1.0
-0.264803362718
-0.267 1.0
-0.263838928046
-0.266 1.0
-0.262874229535
-0.265 1.0
-0.26190926815
-0.264 1.0
-0.260944044855
-0.263 1.0
-0.259978560616
-0.262 1.0
-0.259012816399
-0.261 1.0
-0.258046813169
-0.26 1.0
-0.257080551892
-0.259 1.0
-0.256114033535
-0.258 1.0
-0.255147259063
-0.257 1.0
-0.254180229445
-0.256 1.0
-0.253212945646
-0.255 1.0
-0.252245408634
-0.254 1.0
-0.251277619377
-0.253 1.0
-0.250309578843
-0.252 1.0
-0.249341287998
-0.251 1.0
-0.248372747813
-0.25 1.0
-0.247403959255
-0.249 1.0
-0.246434923292
-0.248 1.0
-0.245465640895
-0.247 1.0
-0.244496113033
-0.246 1.0
-0.243526340674
-0.245 1.0
-0.242556324789
-0.244 1.0
-0.241586066347
-0.243 1.0
-0.24061556632
-0.242 1.0
-0.239644825677
-0.241 1.0
-0.238673845389
-0.24 1.0
-0.237702626427
-0.239 1.0
-0.236731169763
-0.238 1.0
-0.235759476367
-0.237 1.0
-0.234787547213
-0.236 1.0
-0.23381538327
-0.235 1.0
-0.232842985512
-0.234 1.0
-0.231870354912
-0.233 1.0
-0.230897492441
-0.232 1.0
-0.229924399072
-0.231 1.0
-0.228951075779
-0.23 1.0
-0.227977523535
-0.229 1.0
-0.227003743314
-0.228 1.0
-0.226029736089
-0.227 1.0
-0.225055502834
-0.226 1.0
-0.224081044523
-0.225 1.0
-0.223106362132
-0.224 1.0
-0.222131456634
-0.223 1.0
-0.221156329005
-0.222 1.0
-0.220180980219
-0.221 1.0
-0.219205411253
-0.22 1.0
-0.218229623081
-0.219 1.0
-0.217253616679
-0.218 1.0
-0.216277393024
-0.217 1.0
-0.215300953092
-0.216 1.0
-0.214324297858
-0.215 1.0
-0.213347428301
-0.214 1.0
-0.212370345396
-0.213 1.0
-0.21139305012
-0.212 1.0
-0.210415543452
-0.211 1.0
-0.209437826368
-0.21 1.0
-0.208459899846
-0.209 1.0
-0.207481764864
-0.208 1.0
-0.206503422401
-0.207 1.0
-0.205524873434
-0.206 1.0
-0.204546118943
-0.205 1.0
-0.203567159905
-0.204 1.0
-0.2025879973
-0.203 1.0
-0.201608632107
-0.202 1.0
-0.200629065305
-0.201 1.0
-0.199649297875
-0.2 1.0
-0.198669330795
-0.199 1.0
-0.197689165046
-0.198 1.0
-0.196708801608
-0.197 1.0
-0.195728241461
-0.196 1.0
-0.194747485585
-0.195 1.0
-0.193766534962
-0.194 1.0
-0.192785390573
-0.193 1.0
-0.191804053398
-0.192 1.0
-0.19082252442
-0.191 1.0
-0.189840804619
-0.19 1.0
-0.188858894977
-0.189 1.0
-0.187876796476
-0.188 1.0
-0.186894510098
-0.187 1.0
-0.185912036826
-0.186 1.0
-0.184929377642
-0.185 1.0
-0.183946533528
-0.184 1.0
-0.182963505468
-0.183 1.0
-0.181980294444
-0.182 1.0
-0.180996901441
-0.181 1.0
-0.18001332744
-0.18 1.0
-0.179029573426
-0.179 1.0
-0.178045640382
-0.178 1.0
-0.177061529293
-0.177 1.0
-0.176077241142
-0.176 1.0
-0.175092776914
-0.175 1.0
-0.174108137594
-0.174 1.0
-0.173123324165
-0.173 1.0
-0.172138337613
-0.172 1.0
-0.171153178922
-0.171 1.0
-0.170167849078
-0.17 1.0
-0.169182349067
-0.169 1.0
-0.168196679873
-0.168 1.0
-0.167210842483
-0.167 1.0
-0.166224837881
-0.166 1.0
-0.165238667055
-0.165 1.0
-0.16425233099
-0.164 1.0
-0.163265830673
-0.163 1.0
-0.16227916709
-0.162 1.0
-0.161292341228
-0.161 1.0
-0.160305354074
-0.16 1.0
-0.159318206614
-0.159 1.0
-0.158330899836
-0.158 1.0
-0.157343434727
-0.157 1.0
-0.156355812275
-0.156 1.0
-0.155368033467
-0.155 1.0
-0.154380099291
-0.154 1.0
-0.153392010735
-0.153 1.0
-0.152403768787
-0.152 1.0
-0.151415374435
-0.151 1.0
-0.150426828668
-0.15 1.0
-0.149438132474
-0.149 1.0
-0.148449286841
-0.148 1.0
-0.14746029276
-0.147 1.0
-0.146471151218
-0.146 1.0
-0.145481863205
-0.145 1.0
-0.144492429711
-0.144 1.0
-0.143502851723
-0.143 1.0
-0.142513130233
-0.142 1.0
-0.14152326623
-0.141 1.0
-0.140533260704
-0.14 1.0
-0.139543114644
-0.139 1.0
-0.138552829042
-0.138 1.0
-0.137562404886
-0.137 1.0
-0.136571843168
-0.136 1.0
-0.135581144878
-0.135 1.0
-0.134590311007
-0.134 1.0
-0.133599342546
-0.133 1.0
-0.132608240486
-0.132 1.0
-0.131617005817
-0.131 1.0
-0.130625639531
-0.13 1.0
-0.12963414262
-0.129 1.0
-0.128642516074
-0.128 1.0
-0.127650760886
-0.127 1.0
-0.126658878047
-0.126 1.0
-0.12566686855
-0.125 1.0
-0.124674733385
-0.124 1.0
-0.123682473546
-0.123 1.0
-0.122690090024
-0.122 1.0
-0.121697583813
-0.121 1.0
-0.120704955903
-0.12 1.0
-0.119712207289
-0.119 1.0
-0.118719338962
-0.118 1.0
-0.117726351917
-0.117 1.0
-0.116733247144
-0.116 1.0
-0.115740025639
-0.115 1.0
-0.114746688394
-0.114 1.0
-0.113753236402
-0.113 1.0
-0.112759670656
-0.112 1.0
-0.111765992151
-0.111 1.0
-0.11077220188
-0.11 1.0
-0.109778300837
-0.109 1.0
-0.108784290016
-0.108 1.0
-0.10779017041
-0.107 1.0
-0.106795943014
-0.106 1.0
-0.105801608822
-0.105 1.0
-0.104807168829
-0.104 1.0
-0.103812624028
-0.103 1.0
-0.102817975415
-0.102 1.0
-0.101823223984
-0.101 1.0
-0.10082837073
-0.1 1.0
-0.0998334166468
-0.099 1.0
-0.0988383627307
-0.098 1.0
-0.0978432099762
-0.097 1.0
-0.0968479593785
-0.096 1.0
-0.0958526119328
-0.095 1.0
-0.0948571686346
-0.094 1.0
-0.0938616304791
-0.093 1.0
-0.0928659984621
-0.092 1.0
-0.0918702735791
-0.091 1.0
-0.0908744568258
-0.09 1.0
-0.089878549198
-0.089 1.0
-0.0888825516917
-0.088 1.0
-0.0878864653029
-0.087 1.0
-0.0868902910276
-0.086 1.0
-0.085894029862
-0.085 1.0
-0.0848976828024
-0.084 1.0
-0.0839012508451
-0.083 1.0
-0.0829047349866
-0.082 1.0
-0.0819081362234
-0.081 1.0
-0.080911455552
-0.08 1.0
-0.0799146939692
-0.079 1.0
-0.0789178524717
-0.078 1.0
-0.0779209320563
-0.077 1.0
-0.07692393372
-0.076 1.0
-0.0759268584598
-0.075 1.0
-0.0749297072727
-0.074 1.0
-0.073932481156
-0.073 1.0
-0.0729351811067
-0.072 1.0
-0.0719378081223
-0.071 1.0
-0.0709403632001
-0.07 1.0
-0.0699428473375
-0.069 1.0
-0.0689452615321
-0.068 1.0
-0.0679476067814
-0.067 1.0
-0.0669498840832
-0.066 1.0
-0.065952094435
-0.065 1.0
-0.0649542388348
-0.064 1.0
-0.0639563182803
-0.063 1.0
-0.0629583337695
-0.062 1.0
-0.0619602863004
-0.061 1.0
-0.060962176871
-0.06 1.0
-0.0599640064794
-0.059 1.0
-0.0589657761239
-0.058 1.0
-0.0579674868025
-0.057 1.0
-0.0569691395137
-0.056 1.0
-0.0559707352558
-0.055 1.0
-0.0549722750271
-0.054 1.0
-0.0539737598261
-0.053 1.0
-0.0529751906514
-0.052 1.0
-0.0519765685015
-0.051 1.0
-0.050977894375
-0.05 1.0
-0.0499791692707
-0.049 1.0
-0.0489803941872
-0.048 1.0
-0.0479815701232
-0.047 1.0
-0.0469826980778
-0.046 1.0
-0.0459837790496
-0.045 1.0
-0.0449848140377
-0.044 1.0
-0.0439858040409
-0.043 1.0
-0.0429867500583
-0.042 1.0
-0.041987653089
-0.041 1.0
-0.0409885141321
-0.04 1.0
-0.0399893341866
-0.039 1.0
-0.0389901142518
-0.038 1.0
-0.0379908553269
-0.037 1.0
-0.0369915584112
-0.036 1.0
-0.0359922245039
-0.035 1.0
-0.0349928546043
-0.034 1.0
-0.033993449712
-0.033 1.0
-0.0329940108261
-0.032 1.0
-0.0319945389463
-0.031 1.0
-0.0309950350719
-0.03 1.0
-0.0299955002025
-0.029 1.0
-0.0289959353376
-0.028 1.0
-0.0279963414768
-0.027 1.0
-0.0269967196196
-0.026 1.0
-0.0259970707657
-0.025 1.0
-0.0249973959147
-0.024 1.0
-0.0239976960664
-0.023 1.0
-0.0229979722203
-0.022 1.0
-0.0219982253763
-0.021 1.0
-0.020998456534
-0.02 1.0
-0.0199986666933
-0.019 1.0
-0.018998856854
-0.018 1.0
-0.0179990280157
-0.017 1.0
-0.0169991811785
-0.016 1.0
-0.0159993173421
-0.015 1.0
-0.0149994375063
-0.014 1.0
-0.0139995426711
-0.013 1.0
-0.0129996338364
-0.012 1.0
-0.0119997120021
-0.011 1.0
-0.010999778168
-0.01 1.0
-0.00999983333417
-0.009 1.0
-0.00899987850049
-0.008 1.0
-0.00799991466694
-0.007 1.0
-0.00699994283347
-0.006 1.0
-0.00599996400006
-0.005 1.0
-0.00499997916669
-0.004 1.0
-0.00399998933334
-0.003 1.0
-0.0029999955
-0.002 1.0
-0.00199999866667
-0.001 1.0
-0.000999999833333
0.0 1.0
0.0
0.001 1.0
0.000999999833333
0.002 1.0
0.00199999866667
0.003 1.0
0.0029999955
0.004 1.0
0.00399998933334
0.005 1.0
0.00499997916669
0.006 1.0
0.00599996400006
0.007 1.0
0.00699994283347
0.008 1.0
0.00799991466694
0.009 1.0
0.00899987850049
0.01 1.0
0.00999983333417
0.011 1.0
0.010999778168
0.012 1.0
0.0119997120021
0.013 1.0
0.0129996338364
0.014 1.0
0.0139995426711
0.015 1.0
0.0149994375063
0.016 1.0
0.0159993173421
0.017 1.0
0.0169991811785
0.018 1.0
0.0179990280157
0.019 1.0
0.018998856854
0.02 1.0
0.0199986666933
0.021 1.0
0.020998456534
0.022 1.0
0.0219982253763
0.023 1.0
0.0229979722203
0.024 1.0
0.0239976960664
0.025 1.0
0.0249973959147
0.026 1.0
0.0259970707657
0.027 1.0
0.0269967196196
0.028 1.0
0.0279963414768
0.029 1.0
0.0289959353376
0.03 1.0
0.0299955002025
0.031 1.0
0.0309950350719
0.032 1.0
0.0319945389463
0.033 1.0
0.0329940108261
0.034 1.0
0.033993449712
0.035 1.0
0.0349928546043
0.036 1.0
0.0359922245039
0.037 1.0
0.0369915584112
0.038 1.0
0.0379908553269
0.039 1.0
0.0389901142518
0.04 1.0
0.0399893341866
0.041 1.0
0.0409885141321
0.042 1.0
0.041987653089
0.043 1.0
0.0429867500583
0.044 1.0
0.0439858040409
0.045 1.0
0.0449848140377
0.046 1.0
0.0459837790496
0.047 1.0
0.0469826980778
0.048 1.0
0.0479815701232
0.049 1.0
0.0489803941872
0.05 1.0
0.0499791692707
0.051 1.0
0.050977894375
0.052 1.0
0.0519765685015
0.053 1.0
0.0529751906514
0.054 1.0
0.0539737598261
0.055 1.0
0.0549722750271
0.056 1.0
0.0559707352558
0.057 1.0
0.0569691395137
0.058 1.0
0.0579674868025
0.059 1.0
0.0589657761239
0.06 1.0
0.0599640064794
0.061 1.0
0.060962176871
0.062 1.0
0.0619602863004
0.063 1.0
0.0629583337695
0.064 1.0
0.0639563182803
0.065 1.0
0.0649542388348
0.066 1.0
0.065952094435
0.067 1.0
0.0669498840832
0.068 1.0
0.0679476067814
0.069 1.0
0.0689452615321
0.07 1.0
0.0699428473375
0.071 1.0
0.0709403632001
0.072 1.0
0.0719378081223
0.073 1.0
0.0729351811067
0.074 1.0
0.073932481156
0.075 1.0
0.0749297072727
0.076 1.0
0.0759268584598
0.077 1.0
0.07692393372
0.078 1.0
0.0779209320563
0.079 1.0
0.0789178524717
0.08 1.0
0.0799146939692
0.081 1.0
0.080911455552
0.082 1.0
0.0819081362234
0.083 1.0
0.0829047349866
0.084 1.0
0.0839012508451
0.085 1.0
0.0848976828024
0.086 1.0
0.085894029862
0.087 1.0
0.0868902910276
0.088 1.0
0.0878864653029
0.089 1.0
0.0888825516917
0.09 1.0
0.089878549198
0.091 1.0
0.0908744568258
0.092 1.0
0.0918702735791
0.093 1.0
0.0928659984621
0.094 1.0
0.0938616304791
0.095 1.0
0.0948571686346
0.096 1.0
0.0958526119328
0.097 1.0
0.0968479593785
0.098 1.0
0.0978432099762
0.099 1.0
0.0988383627307
0.1 1.0
0.0998334166468
0.101 1.0
0.10082837073
0.102 1.0
0.101823223984
0.103 1.0
0.102817975415
0.104 1.0
0.103812624028
0.105 1.0
0.104807168829
0.106 1.0
0.105801608822
0.107 1.0
0.106795943014
0.108 1.0
0.10779017041
0.109 1.0
0.108784290016
0.11 1.0
0.109778300837
0.111 1.0
0.11077220188
0.112 1.0
0.111765992151
0.113 1.0
0.112759670656
0.114 1.0
0.113753236402
0.115 1.0
0.114746688394
0.116 1.0
0.115740025639
0.117 1.0
0.116733247144
0.118 1.0
0.117726351917
0.119 1.0
0.118719338962
0.12 1.0
0.119712207289
0.121 1.0
0.120704955903
0.122 1.0
0.121697583813
0.123 1.0
0.122690090024
0.124 1.0
0.123682473546
0.125 1.0
0.124674733385
0.126 1.0
0.12566686855
0.127 1.0
0.126658878047
0.128 1.0
0.127650760886
0.129 1.0
0.128642516074
0.13 1.0
0.12963414262
0.131 1.0
0.130625639531
0.132 1.0
0.131617005817
0.133 1.0
0.132608240486
0.134 1.0
0.133599342546
0.135 1.0
0.134590311007
0.136 1.0
0.135581144878
0.137 1.0
0.136571843168
0.138 1.0
0.137562404886
0.139 1.0
0.138552829042
0.14 1.0
0.139543114644
0.141 1.0
0.140533260704
0.142 1.0
0.14152326623
0.143 1.0
0.142513130233
0.144 1.0
0.143502851723
0.145 1.0
0.144492429711
0.146 1.0
0.145481863205
0.147 1.0
0.146471151218
0.148 1.0
0.14746029276
0.149 1.0
0.148449286841
0.15 1.0
0.149438132474
0.151 1.0
0.150426828668
0.152 1.0
0.151415374435
0.153 1.0
0.152403768787
0.154 1.0
0.153392010735
0.155 1.0
0.154380099291
0.156 1.0
0.155368033467
0.157 1.0
0.156355812275
0.158 1.0
0.157343434727
0.159 1.0
0.158330899836
0.16 1.0
0.159318206614
0.161 1.0
0.160305354074
0.162 1.0
0.161292341228
0.163 1.0
0.16227916709
0.164 1.0
0.163265830673
0.165 1.0
0.16425233099
0.166 1.0
0.165238667055
0.167 1.0
0.166224837881
0.168 1.0
0.167210842483
0.169 1.0
0.168196679873
0.17 1.0
0.169182349067
0.171 1.0
0.170167849078
0.172 1.0
0.171153178922
0.173 1.0
0.172138337613
0.174 1.0
0.173123324165
0.175 1.0
0.174108137594
0.176 1.0
0.175092776914
0.177 1.0
0.176077241142
0.178 1.0
0.177061529293
0.179 1.0
0.178045640382
0.18 1.0
0.179029573426
0.181 1.0
0.18001332744
0.182 1.0
0.180996901441
0.183 1.0
0.181980294444
0.184 1.0
0.182963505468
0.185 1.0
0.183946533528
0.186 1.0
0.184929377642
0.187 1.0
0.185912036826
0.188 1.0
0.186894510098
0.189 1.0
0.187876796476
0.19 1.0
0.188858894977
0.191 1.0
0.189840804619
0.192 1.0
0.19082252442
0.193 1.0
0.191804053398
0.194 1.0
0.192785390573
0.195 1.0
0.193766534962
0.196 1.0
0.194747485585
0.197 1.0
0.195728241461
0.198 1.0
0.196708801608
0.199 1.0
0.197689165046
0.2 1.0
0.198669330795
0.201 1.0
0.199649297875
0.202 1.0
0.200629065305
0.203 1.0
0.201608632107
0.204 1.0
0.2025879973
0.205 1.0
0.203567159905
0.206 1.0
0.204546118943
0.207 1.0
0.205524873434
0.208 1.0
0.206503422401
0.209 1.0
0.207481764864
0.21 1.0
0.208459899846
0.211 1.0
0.209437826368
0.212 1.0
0.210415543452
0.213 1.0
0.21139305012
0.214 1.0
0.212370345396
0.215 1.0
0.213347428301
0.216 1.0
0.214324297858
0.217 1.0
0.215300953092
0.218 1.0
0.216277393024
0.219 1.0
0.217253616679
0.22 1.0
0.218229623081
0.221 1.0
0.219205411253
0.222 1.0
0.220180980219
0.223 1.0
0.221156329005
0.224 1.0
0.222131456634
0.225 1.0
0.223106362132
0.226 1.0
0.224081044523
0.227 1.0
0.225055502834
0.228 1.0
0.226029736089
0.229 1.0
0.227003743314
0.23 1.0
0.227977523535
0.231 1.0
0.228951075779
0.232 1.0
0.229924399072
0.233 1.0
0.230897492441
0.234 1.0
0.231870354912
0.235 1.0
0.232842985512
0.236 1.0
0.23381538327
0.237 1.0
0.234787547213
0.238 1.0
0.235759476367
0.239 1.0
0.236731169763
0.24 1.0
0.237702626427
0.241 1.0
0.238673845389
0.242 1.0
0.239644825677
0.243 1.0
0.24061556632
0.244 1.0
0.241586066347
0.245 1.0
0.242556324789
0.246 1.0
0.243526340674
0.247 1.0
0.244496113033
0.248 1.0
0.245465640895
0.249 1.0
0.246434923292
0.25 1.0
0.247403959255
0.251 1.0
0.248372747813
0.252 1.0
0.249341287998
0.253 1.0
0.250309578843
0.254 1.0
0.251277619377
0.255 1.0
0.252245408634
0.256 1.0
0.253212945646
0.257 1.0
0.254180229445
0.258 1.0
0.255147259063
0.259 1.0
0.256114033535
0.26 1.0
0.257080551892
0.261 1.0
0.258046813169
0.262 1.0
0.259012816399
0.263 1.0
0.259978560616
0.264 1.0
0.260944044855
0.265 1.0
0.26190926815
0.266 1.0
0.262874229535
0.267 1.0
0.263838928046
0.268 1.0
0.264803362718
0.269 1.0
0.265767532587
0.27 1.0
0.266731436689
0.271 1.0
0.267695074059
0.272 1.0
0.268658443734
0.273 1.0
0.26962154475
0.274 1.0
0.270584376145
0.275 1.0
0.271546936956
0.276 1.0
0.27250922622
0.277 1.0
0.273471242974
0.278 1.0
0.274432986258
0.279 1.0
0.275394455108
0.28 1.0
0.276355648564
0.281 1.0
0.277316565664
0.282 1.0
0.278277205448
0.283 1.0
0.279237566955
0.284 1.0
0.280197649224
0.285 1.0
0.281157451295
0.286 1.0
0.282116972209
0.287 1.0
0.283076211006
0.288 1.0
0.284035166727
0.289 1.0
0.284993838413
0.29 1.0
0.285952225105
0.291 1.0
0.286910325845
0.292 1.0
0.287868139674
0.293 1.0
0.288825665635
0.294 1.0
0.289782902771
0.295 1.0
0.290739850124
0.296 1.0
0.291696506737
0.297 1.0
0.292652871653
0.298 1.0
0.293608943917
0.299 1.0
0.294564722571
0.3 1.0
0.295520206661
0.301 1.0
0.296475395231
0.302 1.0
0.297430287326
0.303 1.0
0.29838488199
0.304 1.0
0.299339178269
0.305 1.0
0.300293175209
0.306 1.0
0.301246871856
0.307 1.0
0.302200267256
0.308 1.0
0.303153360456
0.309 1.0
0.304106150503
0.31 1.0
0.305058636443
0.311 1.0
0.306010817325
0.312 1.0
0.306962692196
0.313 1.0
0.307914260105
0.314 1.0
0.308865520099
0.315 1.0
0.309816471228
0.316 1.0
0.31076711254
0.317 1.0
0.311717443085
0.318 1.0
0.312667461913
0.319 1.0
0.313617168073
0.32 1.0
0.314566560616
0.321 1.0
0.315515638593
0.322 1.0
0.316464401054
0.323 1.0
0.31741284705
0.324 1.0
0.318360975634
0.325 1.0
0.319308785857
0.326 1.0
0.320256276771
0.327 1.0
0.321203447429
0.328 1.0
0.322150296883
0.329 1.0
0.323096824188
0.33 1.0
0.324043028395
0.331 1.0
0.324988908559
0.332 1.0
0.325934463735
0.333 1.0
0.326879692976
0.334 1.0
0.327824595337
0.335 1.0
0.328769169874
0.336 1.0
0.329713415642
0.337 1.0
0.330657331696
0.338 1.0
0.331600917093
0.339 1.0
0.332544170889
0.34 1.0
0.333487092141
0.341 1.0
0.334429679906
0.342 1.0
0.335371933241
0.343 1.0
0.336313851204
0.344 1.0
0.337255432854
0.345 1.0
0.338196677248
0.346 1.0
0.339137583445
0.347 1.0
0.340078150505
0.348 1.0
0.341018377487
0.349 1.0
0.34195826345
0.35 1.0
0.342897807455
0.351 1.0
0.343837008563
0.352 1.0
0.344775865833
0.353 1.0
0.345714378328
0.354 1.0
0.346652545108
0.355 1.0
0.347590365236
0.356 1.0
0.348527837773
0.357 1.0
0.349464961783
0.358 1.0
0.350401736327
0.359 1.0
0.35133816047
0.36 1.0
0.352274233275
0.361 1.0
0.353209953806
0.362 1.0
0.354145321126
0.363 1.0
0.355080334302
0.364 1.0
0.356014992397
0.365 1.0
0.356949294477
0.366 1.0
0.357883239608
0.367 1.0
0.358816826855
0.368 1.0
0.359750055286
0.369 1.0
0.360682923967
0.37 1.0
0.361615431965
0.371 1.0
0.362547578347
0.372 1.0
0.363479362182
0.373 1.0
0.364410782538
0.374 1.0
0.365341838483
0.375 1.0
0.366272529086
0.376 1.0
0.367202853417
0.377 1.0
0.368132810544
0.378 1.0
0.369062399539
0.379 1.0
0.369991619472
0.38 1.0
0.370920469413
0.381 1.0
0.371848948434
0.382 1.0
0.372777055605
0.383 1.0
0.37370479
0.384 1.0
0.37463215069
0.385 1.0
0.375559136748
0.386 1.0
0.376485747246
0.387 1.0
0.377411981259
0.388 1.0
0.37833783786
0.389 1.0
0.379263316123
0.39 1.0
0.380188415123
0.391 1.0
0.381113133935
0.392 1.0
0.382037471633
0.393 1.0
0.382961427294
0.394 1.0
0.383884999994
0.395 1.0
0.384808188808
0.396 1.0
0.385730992815
0.397 1.0
0.38665341109
0.398 1.0
0.387575442712
0.399 1.0
0.388497086759
0.4 1.0
0.389418342309
0.401 1.0
0.39033920844
0.402 1.0
0.391259684232
0.403 1.0
0.392179768765
0.404 1.0
0.393099461117
0.405 1.0
0.394018760371
0.406 1.0
0.394937665605
0.407 1.0
0.395856175902
0.408 1.0
0.396774290343
0.409 1.0
0.39769200801
0.41 1.0
0.398609327984
0.411 1.0
0.39952624935
0.412 1.0
0.400442771189
0.413 1.0
0.401358892585
0.414 1.0
0.402274612623
0.415 1.0
0.403189930386
0.416 1.0
0.404104844959
0.417 1.0
0.405019355427
0.418 1.0
0.405933460876
0.419 1.0
0.406847160391
0.42 1.0
0.40776045306
0.421 1.0
0.408673337967
0.422 1.0
0.409585814202
0.423 1.0
0.410497880851
0.424 1.0
0.411409537002
0.425 1.0
0.412320781743
0.426 1.0
0.413231614164
0.427 1.0
0.414142033353
0.428 1.0
0.4150520384
0.429 1.0
0.415961628396
0.43 1.0
0.416870802429
0.431 1.0
0.417779559592
0.432 1.0
0.418687898975
0.433 1.0
0.419595819671
0.434 1.0
0.42050332077
0.435 1.0
0.421410401367
0.436 1.0
0.422317060553
0.437 1.0
0.423223297422
0.438 1.0
0.424129111067
0.439 1.0
0.425034500584
0.44 1.0
0.425939465066
0.441 1.0
0.426844003609
0.442 1.0
0.427748115307
0.443 1.0
0.428651799258
0.444 1.0
0.429555054557
0.445 1.0
0.430457880301
0.446 1.0
0.431360275587
0.447 1.0
0.432262239513
0.448 1.0
0.433163771176
0.449 1.0
0.434064869676
0.45 1.0
0.434965534111
0.451 1.0
0.435865763581
0.452 1.0
0.436765557185
0.453 1.0
0.437664914023
0.454 1.0
0.438563833196
0.455 1.0
0.439462313806
0.456 1.0
0.440360354953
0.457 1.0
0.44125795574
0.458 1.0
0.442155115269
0.459 1.0
0.443051832643
0.46 1.0
0.443948106966
0.461 1.0
0.44484393734
0.462 1.0
0.44573932287
0.463 1.0
0.446634262661
0.464 1.0
0.447528755818
0.465 1.0
0.448422801446
0.466 1.0
0.449316398651
0.467 1.0
0.45020954654
0.468 1.0
0.451102244219
0.469 1.0
0.451994490796
0.47 1.0
0.452886285379
0.471 1.0
0.453777627076
0.472 1.0
0.454668514994
0.473 1.0
0.455558948245
0.474 1.0
0.456448925936
0.475 1.0
0.457338447179
0.476 1.0
0.458227511083
0.477 1.0
0.45911611676
0.478 1.0
0.460004263321
0.479 1.0
0.460891949877
0.48 1.0
0.461779175541
0.481 1.0
0.462665939427
0.482 1.0
0.463552240646
0.483 1.0
0.464438078314
0.484 1.0
0.465323451543
0.485 1.0
0.466208359449
0.486 1.0
0.467092801146
0.487 1.0
0.467976775751
0.488 1.0
0.468860282379
0.489 1.0
0.469743320147
0.49 1.0
0.470625888171
0.491 1.0
0.47150798557
0.492 1.0
0.47238961146
0.493 1.0
0.473270764962
0.494 1.0
0.474151445192
0.495 1.0
0.475031651271
0.496 1.0
0.475911382318
0.497 1.0
0.476790637454
0.498 1.0
0.4776694158
0.499 1.0
0.478547716476
0.5 1.0
0.479425538604
0.501 1.0
0.480302881307
0.502 1.0
0.481179743707
0.503 1.0
0.482056124927
0.504 1.0
0.482932024092
0.505 1.0
0.483807440324
0.506 1.0
0.484682372749
0.507 1.0
0.485556820491
0.508 1.0
0.486430782677
0.509 1.0
0.487304258432
0.51 1.0
0.488177246883
0.511 1.0
0.489049747156
0.512 1.0
0.48992175838
0.513 1.0
0.490793279683
0.514 1.0
0.491664310191
0.515 1.0
0.492534849036
0.516 1.0
0.493404895346
0.517 1.0
0.494274448251
0.518 1.0
0.495143506882
0.519 1.0
0.496012070369
0.52 1.0
0.496880137844
0.521 1.0
0.497747708439
0.522 1.0
0.498614781286
0.523 1.0
0.499481355519
0.524 1.0
0.50034743027
0.525 1.0
0.501213004674
0.526 1.0
0.502078077865
0.527 1.0
0.502942648978
0.528 1.0
0.503806717148
0.529 1.0
0.504670281511
0.53 1.0
0.505533341205
0.531 1.0
0.506395895365
0.532 1.0
0.507257943129
0.533 1.0
0.508119483635
0.534 1.0
0.508980516022
0.535 1.0
0.509841039429
0.536 1.0
0.510701052994
0.537 1.0
0.511560555858
0.538 1.0
0.512419547162
0.539 1.0
0.513278026047
0.54 1.0
0.514135991653
0.541 1.0
0.514993443124
0.542 1.0
0.515850379601
0.543 1.0
0.516706800227
0.544 1.0
0.517562704147
0.545 1.0
0.518418090505
0.546 1.0
0.519272958444
0.547 1.0
0.52012730711
0.548 1.0
0.520981135649
0.549 1.0
0.521834443207
0.55 1.0
0.522687228931
0.551 1.0
0.523539491967
0.552 1.0
0.524391231464
0.553 1.0
0.52524244657
0.554 1.0
0.526093136433
0.555 1.0
0.526943300203
0.556 1.0
0.52779293703
0.557 1.0
0.528642046064
0.558 1.0
0.529490626456
0.559 1.0
0.530338677358
0.56 1.0
0.531186197921
0.561 1.0
0.532033187298
0.562 1.0
0.532879644641
0.563 1.0
0.533725569105
0.564 1.0
0.534570959844
0.565 1.0
0.535415816011
0.566 1.0
0.536260136763
0.567 1.0
0.537103921255
0.568 1.0
0.537947168642
0.569 1.0
0.538789878083
0.57 1.0
0.539632048734
0.571 1.0
0.540473679753
0.572 1.0
0.541314770298
0.573 1.0
0.542155319529
0.574 1.0
0.542995326604
0.575 1.0
0.543834790684
0.576 1.0
0.544673710929
0.577 1.0
0.5455120865
0.578 1.0
0.54634991656
0.579 1.0
0.547187200269
0.58 1.0
0.548023936792
0.581 1.0
0.54886012529
0.582 1.0
0.549695764929
0.583 1.0
0.550530854872
0.584 1.0
0.551365394284
0.585 1.0
0.55219938233
0.586 1.0
0.553032818177
0.587 1.0
0.553865700992
0.588 1.0
0.554698029941
0.589 1.0
0.555529804192
0.59 1.0
0.556361022913
0.591 1.0
0.557191685273
0.592 1.0
0.558021790441
0.593 1.0
0.558851337588
0.594 1.0
0.559680325884
0.595 1.0
0.560508754499
0.596 1.0
0.561336622605
0.597 1.0
0.562163929375
0.598 1.0
0.562990673981
0.599 1.0
0.563816855596
0.6 1.0
0.564642473395
0.601 1.0
0.565467526551
0.602 1.0
0.56629201424
0.603 1.0
0.567115935637
0.604 1.0
0.567939289917
0.605 1.0
0.568762076259
0.606 1.0
0.569584293838
0.607 1.0
0.570405941834
0.608 1.0
0.571227019423
0.609 1.0
0.572047525786
0.61 1.0
0.5728674601
0.611 1.0
0.573686821548
0.612 1.0
0.574505609309
0.613 1.0
0.575323822564
0.614 1.0
0.576141460495
0.615 1.0
0.576958522285
0.616 1.0
0.577775007117
0.617 1.0
0.578590914174
0.618 1.0
0.579406242639
0.619 1.0
0.580220991699
0.62 1.0
0.581035160537
0.621 1.0
0.581848748341
0.622 1.0
0.582661754296
0.623 1.0
0.583474177589
0.624 1.0
0.584286017408
0.625 1.0
0.58509727294
0.626 1.0
0.585907943376
0.627 1.0
0.586718027904
0.628 1.0
0.587527525714
0.629 1.0
0.588336435996
0.63 1.0
0.589144757942
0.631 1.0
0.589952490744
0.632 1.0
0.590759633592
0.633 1.0
0.591566185682
0.634 1.0
0.592372146205
0.635 1.0
0.593177514356
0.636 1.0
0.593982289329
0.637 1.0
0.594786470321
0.638 1.0
0.595590056526
0.639 1.0
0.59639304714
0.64 1.0
0.597195441362
0.641 1.0
0.597997238389
0.642 1.0
0.598798437418
0.643 1.0
0.599599037649
0.644 1.0
0.600399038281
0.645 1.0
0.601198438514
0.646 1.0
0.601997237549
0.647 1.0
0.602795434586
0.648 1.0
0.603593028828
0.649 1.0
0.604390019477
0.65 1.0
0.605186405736
0.651 1.0
0.605982186809
0.652 1.0
0.606777361899
0.653 1.0
0.607571930213
0.654 1.0
0.608365890954
0.655 1.0
0.609159243329
0.656 1.0
0.609951986546
0.657 1.0
0.61074411981
0.658 1.0
0.61153564233
0.659 1.0
0.612326553315
0.66 1.0
0.613116851973
0.661 1.0
0.613906537515
0.662 1.0
0.61469560915
0.663 1.0
0.615484066089
0.664 1.0
0.616271907545
0.665 1.0
0.617059132728
0.666 1.0
0.617845740853
0.667 1.0
0.618631731131
0.668 1.0
0.619417102778
0.669 1.0
0.620201855008
0.67 1.0
0.620985987037
0.671 1.0
0.621769498079
0.672 1.0
0.622552387352
0.673 1.0
0.623334654072
0.674 1.0
0.624116297458
0.675 1.0
0.624897316728
0.676 1.0
0.6256777111
0.677 1.0
0.626457479795
0.678 1.0
0.627236622032
0.679 1.0
0.628015137033
0.68 1.0
0.628793024018
0.681 1.0
0.629570282211
0.682 1.0
0.630346910834
0.683 1.0
0.631122909109
0.684 1.0
0.631898276262
0.685 1.0
0.632673011516
0.686 1.0
0.633447114098
0.687 1.0
0.634220583232
0.688 1.0
0.634993418146
0.689 1.0
0.635765618067
0.69 1.0
0.636537182222
0.691 1.0
0.63730810984
0.692 1.0
0.63807840015
0.693 1.0
0.638848052381
0.694 1.0
0.639617065765
0.695 1.0
0.640385439531
0.696 1.0
0.641153172912
0.697 1.0
0.64192026514
0.698 1.0
0.642686715448
0.699 1.0
0.643452523069
0.7 1.0
0.644217687238
0.701 1.0
0.644982207189
0.702 1.0
0.645746082158
0.703 1.0
0.64650931138
0.704 1.0
0.647271894094
0.705 1.0
0.648033829536
0.706 1.0
0.648795116944
0.707 1.0
0.649555755556
0.708 1.0
0.650315744614
0.709 1.0
0.651075083355
0.71 1.0
0.651833771022
0.711 1.0
0.652591806854
0.712 1.0
0.653349190095
0.713 1.0
0.654105919987
0.714 1.0
0.654861995773
0.715 1.0
0.655617416697
0.716 1.0
0.656372182004
0.717 1.0
0.657126290938
0.718 1.0
0.657879742747
0.719 1.0
0.658632536675
0.72 1.0
0.659384671971
0.721 1.0
0.660136147883
0.722 1.0
0.660886963658
0.723 1.0
0.661637118547
0.724 1.0
0.662386611798
0.725 1.0
0.663135442663
0.726 1.0
0.663883610393
0.727 1.0
0.664631114239
0.728 1.0
0.665377953454
0.729 1.0
0.666124127291
0.73 1.0
0.666869635004
0.731 1.0
0.667614475847
0.732 1.0
0.668358649076
0.733 1.0
0.669102153946
0.734 1.0
0.669844989715
0.735 1.0
0.670587155638
0.736 1.0
0.671328650974
0.737 1.0
0.672069474982
0.738 1.0
0.67280962692
0.739 1.0
0.673549106049
0.74 1.0
0.674287911628
0.741 1.0
0.67502604292
0.742 1.0
0.675763499186
0.743 1.0
0.676500279688
0.744 1.0
0.67723638369
0.745 1.0
0.677971810456
0.746 1.0
0.67870655925
0.747 1.0
0.679440629337
0.748 1.0
0.680174019984
0.749 1.0
0.680906730457
0.75 1.0
0.681638760023
0.751 1.0
0.682370107951
0.752 1.0
0.683100773508
0.753 1.0
0.683830755965
0.754 1.0
0.684560054591
0.755 1.0
0.685288668657
0.756 1.0
0.686016597435
0.757 1.0
0.686743840196
0.758 1.0
0.687470396213
0.759 1.0
0.68819626476
0.76 1.0
0.688921445111
0.761 1.0
0.68964593654
0.762 1.0
0.690369738323
0.763 1.0
0.691092849737
0.764 1.0
0.691815270058
0.765 1.0
0.692536998563
0.766 1.0
0.693258034532
0.767 1.0
0.693978377243
0.768 1.0
0.694698025975
0.769 1.0
0.69541698001
0.77 1.0
0.696135238627
0.771 1.0
0.69685280111
0.772 1.0
0.697569666739
0.773 1.0
0.698285834799
0.774 1.0
0.699001304574
0.775 1.0
0.699716075347
0.776 1.0
0.700430146404
0.777 1.0
0.70114351703
0.778 1.0
0.701856186514
0.779 1.0
0.702568154141
0.78 1.0
0.7032794192
0.781 1.0
0.70398998098
0.782 1.0
0.70469983877
0.783 1.0
0.70540899186
0.784 1.0
0.706117439542
0.785 1.0
0.706825181105
0.786 1.0
0.707532215844
0.787 1.0
0.708238543051
0.788 1.0
0.708944162019
0.789 1.0
0.709649072043
0.79 1.0
0.710353272418
0.791 1.0
0.711056762439
0.792 1.0
0.711759541404
0.793 1.0
0.71246160861
0.794 1.0
0.713162963354
0.795 1.0
0.713863604935
0.796 1.0
0.714563532653
0.797 1.0
0.715262745807
0.798 1.0
0.715961243698
0.799 1.0
0.716659025628
0.8 1.0
0.7173560909
0.801 1.0
0.718052438815
0.802 1.0
0.718748068678
0.803 1.0
0.719442979792
0.804 1.0
0.720137171464
0.805 1.0
0.720830642999
0.806 1.0
0.721523393703
0.807 1.0
0.722215422884
0.808 1.0
0.72290672985
0.809 1.0
0.723597313909
0.81 1.0
0.72428717437
0.811 1.0
0.724976310545
0.812 1.0
0.725664721743
0.813 1.0
0.726352407276
0.814 1.0
0.727039366458
0.815 1.0
0.7277255986
0.816 1.0
0.728411103016
0.817 1.0
0.729095879021
0.818 1.0
0.729779925931
0.819 1.0
0.73046324306
0.82 1.0
0.731145829727
0.821 1.0
0.731827685248
0.822 1.0
0.732508808941
0.823 1.0
0.733189200125
0.824 1.0
0.73386885812
0.825 1.0
0.734547782247
0.826 1.0
0.735225971825
0.827 1.0
0.735903426178
0.828 1.0
0.736580144627
0.829 1.0
0.737256126497
0.83 1.0
0.73793137111
0.831 1.0
0.738605877792
0.832 1.0
0.739279645868
0.833 1.0
0.739952674665
0.834 1.0
0.740624963508
0.835 1.0
0.741296511728
0.836 1.0
0.74196731865
0.837 1.0
0.742637383605
0.838 1.0
0.743306705923
0.839 1.0
0.743975284935
0.84 1.0
0.744643119971
0.841 1.0
0.745310210364
0.842 1.0
0.745976555447
0.843 1.0
0.746642154553
0.844 1.0
0.747307007018
0.845 1.0
0.747971112175
0.846 1.0
0.748634469361
0.847 1.0
0.749297077913
0.848 1.0
0.749958937168
0.849 1.0
0.750620046464
0.85 1.0
0.75128040514
0.851 1.0
0.751940012536
0.852 1.0
0.752598867992
0.853 1.0
0.753256970849
0.854 1.0
0.753914320449
0.855 1.0
0.754570916135
0.856 1.0
0.75522675725
0.857 1.0
0.755881843138
0.858 1.0
0.756536173144
0.859 1.0
0.757189746615
0.86 1.0
0.757842562895
0.861 1.0
0.758494621333
0.862 1.0
0.759145921277
0.863 1.0
0.759796462075
0.864 1.0
0.760446243076
0.865 1.0
0.761095263631
0.866 1.0
0.761743523091
0.867 1.0
0.762391020808
0.868 1.0
0.763037756133
0.869 1.0
0.763683728421
0.87 1.0
0.764328937026
0.871 1.0
0.764973381301
0.872 1.0
0.765617060603
0.873 1.0
0.766259974288
0.874 1.0
0.766902121713
0.875 1.0
0.767543502236
0.876 1.0
0.768184115216
0.877 1.0
0.768823960011
0.878 1.0
0.769463035983
0.879 1.0
0.770101342492
0.88 1.0
0.770738878899
0.881 1.0
0.771375644568
0.882 1.0
0.772011638861
0.883 1.0
0.772646861142
0.884 1.0
0.773281310777
0.885 1.0
0.77391498713
0.886 1.0
0.774547889569
0.887 1.0
0.775180017459
0.888 1.0
0.77581137017
0.889 1.0
0.776441947069
0.89 1.0
0.777071747527
0.891 1.0
0.777700770913
0.892 1.0
0.778329016598
0.893 1.0
0.778956483954
0.894 1.0
0.779583172354
0.895 1.0
0.78020908117
0.896 1.0
0.780834209778
0.897 1.0
0.781458557551
0.898 1.0
0.782082123866
0.899 1.0
0.782704908099
0.9 1.0
0.783326909627
0.901 1.0
0.783948127829
0.902 1.0
0.784568562082
0.903 1.0
0.785188211767
0.904 1.0
0.785807076263
0.905 1.0
0.786425154953
0.906 1.0
0.787042447217
0.907 1.0
0.787658952439
0.908 1.0
0.788274670002
0.909 1.0
0.788889599291
0.91 1.0
0.78950373969
0.911 1.0
0.790117090585
0.912 1.0
0.790729651364
0.913 1.0
0.791341421412
0.914 1.0
0.79195240012
0.915 1.0
0.792562586875
0.916 1.0
0.793171981067
0.917 1.0
0.793780582088
0.918 1.0
0.794388389328
0.919 1.0
0.79499540218
0.92 1.0
0.795601620036
0.921 1.0
0.796207042291
0.922 1.0
0.796811668339
0.923 1.0
0.797415497576
0.924 1.0
0.798018529396
0.925 1.0
0.798620763199
0.926 1.0
0.799222198381
0.927 1.0
0.79982283434
0.928 1.0
0.800422670477
0.929 1.0
0.801021706191
0.93 1.0
0.801619940884
0.931 1.0
0.802217373956
0.932 1.0
0.802814004812
0.933 1.0
0.803409832853
0.934 1.0
0.804004857485
0.935 1.0
0.804599078112
0.936 1.0
0.80519249414
0.937 1.0
0.805785104975
0.938 1.0
0.806376910026
0.939 1.0
0.806967908699
0.94 1.0
0.807558100405
0.941 1.0
0.808147484553
0.942 1.0
0.808736060553
0.943 1.0
0.809323827817
0.944 1.0
0.809910785758
0.945 1.0
0.810496933788
0.946 1.0
0.811082271321
0.947 1.0
0.811666797772
0.948 1.0
0.812250512556
0.949 1.0
0.812833415089
0.95 1.0
0.813415504789
0.951 1.0
0.813996781074
0.952 1.0
0.814577243362
0.953 1.0
0.815156891073
0.954 1.0
0.815735723627
0.955 1.0
0.816313740446
0.956 1.0
0.81689094095
0.957 1.0
0.817467324564
0.958 1.0
0.818042890711
0.959 1.0
0.818617638815
0.96 1.0
0.819191568301
0.961 1.0
0.819764678596
0.962 1.0
0.820336969126
0.963 1.0
0.820908439319
0.964 1.0
0.821479088604
0.965 1.0
0.82204891641
0.966 1.0
0.822617922167
0.967 1.0
0.823186105306
0.968 1.0
0.823753465259
0.969 1.0
0.824320001459
0.97 1.0
0.824885713338
0.971 1.0
0.825450600333
0.972 1.0
0.826014661876
0.973 1.0
0.826577897405
0.974 1.0
0.827140306356
0.975 1.0
0.827701888167
0.976 1.0
0.828262642276
0.977 1.0
0.828822568123
0.978 1.0
0.829381665147
0.979 1.0
0.829939932789
0.98 1.0
0.830497370492
0.981 1.0
0.831053977697
0.982 1.0
0.831609753849
0.983 1.0
0.83216469839
0.984 1.0
0.832718810767
0.985 1.0
0.833272090426
0.986 1.0
0.833824536812
0.987 1.0
0.834376149374
0.988 1.0
0.83492692756
0.989 1.0
0.835476870818
0.99 1.0
0.836025978601
0.991 1.0
0.836574250357
0.992 1.0
0.837121685539
0.993 1.0
0.837668283599
0.994 1.0
0.838214043991
0.995 1.0
0.838758966169
0.996 1.0
0.839303049589
0.997 1.0
0.839846293705
0.998 1.0
0.840388697975
0.999 1.0
0.840930261857
1.0 1.0
0.841470984808